Vertex Count: 1296

Data:

14.9817 0 42.1065 0 0.944444 0.34202 0 0.939693
14.9817 9.80615 42.1065 0.083333 0.944444 0.34202 0 0.939693
-0.27878 0 44.7974 0 1 0 0 1
14.9817 9.80615 42.1065 0.083333 0.944444 0.34202 0 0.939693
-0.27878 9.80615 44.7974 0.083333 1 0 0 1
-0.27878 0 44.7974 0 1 0 0 1
14.9817 9.80615 42.1065 0.083333 0.944444 0.34202 0 0.939693
14.9817 19.6123 42.1065 0.166667 0.944444 0.34202 0 0.939693
-0.27878 9.80615 44.7974 0.083333 1 0 0 1
14.9817 19.6123 42.1065 0.166667 0.944444 0.34202 0 0.939693
-0.27878 19.6123 44.7974 0.166667 1 0 0 1
-0.27878 9.80615 44.7974 0.083333 1 0 0 1
14.9817 19.6123 42.1065 0.166667 0.944444 0.34202 0 0.939693
14.9817 29.4184 42.1065 0.25 0.944444 0.34202 0 0.939693
-0.27878 19.6123 44.7974 0.166667 1 0 0 1
14.9817 29.4184 42.1065 0.25 0.944444 0.34202 0 0.939693
-0.27878 29.4184 44.7974 0.25 1 0 0 1
-0.27878 19.6123 44.7974 0.166667 1 0 0 1
14.9817 29.4184 42.1065 0.25 0.944444 0.34202 0 0.939693
14.9817 39.2246 42.1065 0.333333 0.944444 0.34202 0 0.939693
-0.27878 29.4184 44.7974 0.25 1 0 0 1
14.9817 39.2246 42.1065 0.333333 0.944444 0.34202 0 0.939693
-0.27878 39.2246 44.7974 0.333333 1 0 0 1
-0.27878 29.4184 44.7974 0.25 1 0 0 1
14.9817 39.2246 42.1065 0.333333 0.944444 0.34202 0 0.939693
14.9817 49.0307 42.1065 0.416667 0.944444 0.34202 0 0.939693
-0.27878 39.2246 44.7974 0.333333 1 0 0 1
14.9817 49.0307 42.1065 0.416667 0.944444 0.34202 0 0.939693
-0.27878 49.0307 44.7974 0.416667 1 0 0 1
-0.27878 39.2246 44.7974 0.333333 1 0 0 1
14.9817 49.0307 42.1065 0.416667 0.944444 0 1 0
8.80419 49.0307 25.1338 0.5 0.944444 0 1 0
-0.27878 49.0307 44.7974 0.416667 1 0 1 0
8.80419 49.0307 25.1338 0.5 0.944444 0 1 0
-0.278779 49.0307 26.7354 0.5 1 0 1 0
-0.27878 49.0307 44.7974 0.416667 1 0 1 0
8.80419 49.0307 25.1338 0.5 0.944444 -0.34202 0 -0.939693
8.80419 39.2246 25.1338 0.583333 0.944444 -0.34202 0 -0.939693
-0.278779 49.0307 26.7354 0.5 1 -0 0 -1
8.80419 39.2246 25.1338 0.583333 0.944444 -0.34202 0 -0.939693
-0.278779 39.2246 26.7354 0.583333 1 -0 0 -1
-0.278779 49.0307 26.7354 0.5 1 -0 0 -1
8.80419 39.2246 25.1338 0.583333 0.944444 -0.34202 0 -0.939693
8.80419 29.4184 25.1338 0.666667 0.944444 -0.34202 0 -0.939693
-0.278779 39.2246 26.7354 0.583333 1 -0 0 -1
8.80419 29.4184 25.1338 0.666667 0.944444 -0.34202 0 -0.939693
-0.278779 29.4184 26.7354 0.666667 1 -0 0 -1
-0.278779 39.2246 26.7354 0.583333 1 -0 0 -1
8.80419 29.4184 25.1338 0.666667 0.944444 -0.34202 0 -0.939693
8.80419 19.6123 25.1338 0.75 0.944444 -0.34202 0 -0.939693
-0.278779 29.4184 26.7354 0.666667 1 -0 0 -1
8.80419 19.6123 25.1338 0.75 0.944444 -0.34202 0 -0.939693
-0.278779 19.6123 26.7354 0.75 1 -0 0 -1
-0.278779 29.4184 26.7354 0.666667 1 -0 0 -1
8.80419 19.6123 25.1338 0.75 0.944444 -0.34202 0 -0.939693
8.80419 9.80614 25.1338 0.833333 0.944444 -0.34202 0 -0.939693
-0.278779 19.6123 26.7354 0.75 1 -0 0 -1
8.80419 9.80614 25.1338 0.833333 0.944444 -0.34202 0 -0.939693
-0.278779 9.80614 26.7354 0.833333 1 -0 0 -1
-0.278779 19.6123 26.7354 0.75 1 -0 0 -1
8.80419 9.80614 25.1338 0.833333 0.944444 -0.34202 0 -0.939693
8.80419 0 25.1338 0.916667 0.944444 -0.34202 0 -0.939693
-0.278779 9.80614 26.7354 0.833333 1 -0 0 -1
8.80419 0 25.1338 0.916667 0.944444 -0.34202 0 -0.939693
-0.278779 0 26.7354 0.916667 1 -0 0 -1
-0.278779 9.80614 26.7354 0.833333 1 -0 0 -1
8.80419 0 25.1338 0.916667 0.944444 0 -1 0
14.9817 0 42.1065 1 0.944444 0 -1 0
-0.278779 0 26.7354 0.916667 1 0 -1 0
14.9817 0 42.1065 1 0.944444 0 -1 0
-0.27878 0 44.7974 1 1 0 -1 0
-0.278779 0 26.7354 0.916667 1 0 -1 0
28.4016 0 34.3585 0 0.888889 0.642788 0 0.766044
28.4016 9.80615 34.3585 0.083333 0.888889 0.642788 0 0.766044
14.9817 0 42.1065 0 0.944444 0.34202 0 0.939693
28.4016 9.80615 34.3585 0.083333 0.888889 0.642788 0 0.766044
14.9817 9.80615 42.1065 0.083333 0.944444 0.34202 0 0.939693
14.9817 0 42.1065 0 0.944444 0.34202 0 0.939693
28.4016 9.80615 34.3585 0.083333 0.888889 0.642788 0 0.766044
28.4016 19.6123 34.3585 0.166667 0.888889 0.642788 0 0.766044
14.9817 9.80615 42.1065 0.083333 0.944444 0.34202 0 0.939693
28.4016 19.6123 34.3585 0.166667 0.888889 0.642788 0 0.766044
14.9817 19.6123 42.1065 0.166667 0.944444 0.34202 0 0.939693
14.9817 9.80615 42.1065 0.083333 0.944444 0.34202 0 0.939693
28.4016 19.6123 34.3585 0.166667 0.888889 0.642788 0 0.766044
28.4016 29.4184 34.3585 0.25 0.888889 0.642788 0 0.766044
14.9817 19.6123 42.1065 0.166667 0.944444 0.34202 0 0.939693
28.4016 29.4184 34.3585 0.25 0.888889 0.642788 0 0.766044
14.9817 29.4184 42.1065 0.25 0.944444 0.34202 0 0.939693
14.9817 19.6123 42.1065 0.166667 0.944444 0.34202 0 0.939693
28.4016 29.4184 34.3585 0.25 0.888889 0.642788 0 0.766044
28.4016 39.2246 34.3585 0.333333 0.888889 0.642788 0 0.766044
14.9817 29.4184 42.1065 0.25 0.944444 0.34202 0 0.939693
28.4016 39.2246 34.3585 0.333333 0.888889 0.642788 0 0.766044
14.9817 39.2246 42.1065 0.333333 0.944444 0.34202 0 0.939693
14.9817 29.4184 42.1065 0.25 0.944444 0.34202 0 0.939693
28.4016 39.2246 34.3585 0.333333 0.888889 0.642788 0 0.766044
28.4016 49.0307 34.3585 0.416667 0.888889 0.642788 0 0.766044
14.9817 39.2246 42.1065 0.333333 0.944444 0.34202 0 0.939693
28.4016 49.0307 34.3585 0.416667 0.888889 0.642788 0 0.766044
14.9817 49.0307 42.1065 0.416667 0.944444 0.34202 0 0.939693
14.9817 39.2246 42.1065 0.333333 0.944444 0.34202 0 0.939693
28.4016 49.0307 34.3585 0.416667 0.888889 0 1 0
16.7916 49.0307 20.5223 0.5 0.888889 0 1 0
14.9817 49.0307 42.1065 0.416667 0.944444 0 1 0
16.7916 49.0307 20.5223 0.5 0.888889 0 1 0
8.80419 49.0307 25.1338 0.5 0.944444 0 1 0
14.9817 49.0307 42.1065 0.416667 0.944444 0 1 0
16.7916 49.0307 20.5223 0.5 0.888889 -0.642788 0 -0.766044
16.7916 39.2246 20.5223 0.583333 0.888889 -0.642788 0 -0.766044
8.80419 49.0307 25.1338 0.5 0.944444 -0.34202 0 -0.939693
16.7916 39.2246 20.5223 0.583333 0.888889 -0.642788 0 -0.766044
8.80419 39.2246 25.1338 0.583333 0.944444 -0.34202 0 -0.939693
8.80419 49.0307 25.1338 0.5 0.944444 -0.34202 0 -0.939693
16.7916 39.2246 20.5223 0.583333 0.888889 -0.642788 0 -0.766044
16.7916 29.4184 20.5223 0.666667 0.888889 -0.642788 0 -0.766044
8.80419 39.2246 25.1338 0.583333 0.944444 -0.34202 0 -0.939693
16.7916 29.4184 20.5223 0.666667 0.888889 -0.642788 0 -0.766044
8.80419 29.4184 25.1338 0.666667 0.944444 -0.34202 0 -0.939693
8.80419 39.2246 25.1338 0.583333 0.944444 -0.34202 0 -0.939693
16.7916 29.4184 20.5223 0.666667 0.888889 -0.642788 0 -0.766044
16.7916 19.6123 20.5223 0.75 0.888889 -0.642788 0 -0.766044
8.80419 29.4184 25.1338 0.666667 0.944444 -0.34202 0 -0.939693
16.7916 19.6123 20.5223 0.75 0.888889 -0.642788 0 -0.766044
8.80419 19.6123 25.1338 0.75 0.944444 -0.34202 0 -0.939693
8.80419 29.4184 25.1338 0.666667 0.944444 -0.34202 0 -0.939693
16.7916 19.6123 20.5223 0.75 0.888889 -0.642788 0 -0.766044
16.7916 9.80614 20.5223 0.833333 0.888889 -0.642788 0 -0.766044
8.80419 19.6123 25.1338 0.75 0.944444 -0.34202 0 -0.939693
16.7916 9.80614 20.5223 0.833333 0.888889 -0.642788 0 -0.766044
8.80419 9.80614 25.1338 0.833333 0.944444 -0.34202 0 -0.939693
8.80419 19.6123 25.1338 0.75 0.944444 -0.34202 0 -0.939693
16.7916 9.80614 20.5223 0.833333 0.888889 -0.642788 0 -0.766044
16.7916 0 20.5223 0.916667 0.888889 -0.642788 0 -0.766044
8.80419 9.80614 25.1338 0.833333 0.944444 -0.34202 0 -0.939693
16.7916 0 20.5223 0.916667 0.888889 -0.642788 0 -0.766044
8.80419 0 25.1338 0.916667 0.944444 -0.34202 0 -0.939693
8.80419 9.80614 25.1338 0.833333 0.944444 -0.34202 0 -0.939693
16.7916 0 20.5223 0.916667 0.888889 0 -1 0
28.4016 0 34.3585 1 0.888889 0 -1 0
8.80419 0 25.1338 0.916667 0.944444 0 -1 0
28.4016 0 34.3585 1 0.888889 0 -1 0
14.9817 0 42.1065 1 0.944444 0 -1 0
8.80419 0 25.1338 0.916667 0.944444 0 -1 0
38.3622 0 22.488 0 0.833333 0.866025 0 0.5
38.3622 9.80615 22.488 0.083333 0.833333 0.866025 0 0.5
28.4016 0 34.3585 0 0.888889 0.642788 0 0.766044
38.3622 9.80615 22.488 0.083333 0.833333 0.866025 0 0.5
28.4016 9.80615 34.3585 0.083333 0.888889 0.642788 0 0.766044
28.4016 0 34.3585 0 0.888889 0.642788 0 0.766044
38.3622 9.80615 22.488 0.083333 0.833333 0.866025 0 0.5
38.3622 19.6123 22.488 0.166667 0.833333 0.866025 0 0.5
28.4016 9.80615 34.3585 0.083333 0.888889 0.642788 0 0.766044
38.3622 19.6123 22.488 0.166667 0.833333 0.866025 0 0.5
28.4016 19.6123 34.3585 0.166667 0.888889 0.642788 0 0.766044
28.4016 9.80615 34.3585 0.083333 0.888889 0.642788 0 0.766044
38.3622 19.6123 22.488 0.166667 0.833333 0.866025 0 0.5
38.3622 29.4184 22.488 0.25 0.833333 0.866025 0 0.5
28.4016 19.6123 34.3585 0.166667 0.888889 0.642788 0 0.766044
38.3622 29.4184 22.488 0.25 0.833333 0.866025 0 0.5
28.4016 29.4184 34.3585 0.25 0.888889 0.642788 0 0.766044
28.4016 19.6123 34.3585 0.166667 0.888889 0.642788 0 0.766044
38.3622 29.4184 22.488 0.25 0.833333 0.866025 0 0.5
38.3622 39.2246 22.488 0.333333 0.833333 0.866025 0 0.5
28.4016 29.4184 34.3585 0.25 0.888889 0.642788 0 0.766044
38.3622 39.2246 22.488 0.333333 0.833333 0.866025 0 0.5
28.4016 39.2246 34.3585 0.333333 0.888889 0.642788 0 0.766044
28.4016 29.4184 34.3585 0.25 0.888889 0.642788 0 0.766044
38.3622 39.2246 22.488 0.333333 0.833333 0.866025 0 0.5
38.3622 49.0307 22.488 0.416667 0.833333 0.866025 0 0.5
28.4016 39.2246 34.3585 0.333333 0.888889 0.642788 0 0.766044
38.3622 49.0307 22.488 0.416667 0.833333 0.866025 0 0.5
28.4016 49.0307 34.3585 0.416667 0.888889 0.642788 0 0.766044
28.4016 39.2246 34.3585 0.333333 0.888889 0.642788 0 0.766044
38.3622 49.0307 22.488 0.416667 0.833333 0 1 0
22.7201 49.0307 13.457 0.5 0.833333 0 1 0
28.4016 49.0307 34.3585 0.416667 0.888889 0 1 0
22.7201 49.0307 13.457 0.5 0.833333 0 1 0
16.7916 49.0307 20.5223 0.5 0.888889 0 1 0
28.4016 49.0307 34.3585 0.416667 0.888889 0 1 0
22.7201 49.0307 13.457 0.5 0.833333 -0.866025 0 -0.5
22.7201 39.2246 13.457 0.583333 0.833333 -0.866025 0 -0.5
16.7916 49.0307 20.5223 0.5 0.888889 -0.642788 0 -0.766044
22.7201 39.2246 13.457 0.583333 0.833333 -0.866025 0 -0.5
16.7916 39.2246 20.5223 0.583333 0.888889 -0.642788 0 -0.766044
16.7916 49.0307 20.5223 0.5 0.888889 -0.642788 0 -0.766044
22.7201 39.2246 13.457 0.583333 0.833333 -0.866025 0 -0.5
22.7201 29.4184 13.457 0.666667 0.833333 -0.866025 0 -0.5
16.7916 39.2246 20.5223 0.583333 0.888889 -0.642788 0 -0.766044
22.7201 29.4184 13.457 0.666667 0.833333 -0.866025 0 -0.5
16.7916 29.4184 20.5223 0.666667 0.888889 -0.642788 0 -0.766044
16.7916 39.2246 20.5223 0.583333 0.888889 -0.642788 0 -0.766044
22.7201 29.4184 13.457 0.666667 0.833333 -0.866025 0 -0.5
22.7201 19.6123 13.457 0.75 0.833333 -0.866025 0 -0.5
16.7916 29.4184 20.5223 0.666667 0.888889 -0.642788 0 -0.766044
22.7201 19.6123 13.457 0.75 0.833333 -0.866025 0 -0.5
16.7916 19.6123 20.5223 0.75 0.888889 -0.642788 0 -0.766044
16.7916 29.4184 20.5223 0.666667 0.888889 -0.642788 0 -0.766044
22.7201 19.6123 13.457 0.75 0.833333 -0.866025 0 -0.5
22.7201 9.80614 13.457 0.833333 0.833333 -0.866025 0 -0.5
16.7916 19.6123 20.5223 0.75 0.888889 -0.642788 0 -0.766044
22.7201 9.80614 13.457 0.833333 0.833333 -0.866025 0 -0.5
16.7916 9.80614 20.5223 0.833333 0.888889 -0.642788 0 -0.766044
16.7916 19.6123 20.5223 0.75 0.888889 -0.642788 0 -0.766044
22.7201 9.80614 13.457 0.833333 0.833333 -0.866025 0 -0.5
22.7201 0 13.457 0.916667 0.833333 -0.866025 0 -0.5
16.7916 9.80614 20.5223 0.833333 0.888889 -0.642788 0 -0.766044
22.7201 0 13.457 0.916667 0.833333 -0.866025 0 -0.5
16.7916 0 20.5223 0.916667 0.888889 -0.642788 0 -0.766044
16.7916 9.80614 20.5223 0.833333 0.888889 -0.642788 0 -0.766044
22.7201 0 13.457 0.916667 0.833333 0 -1 0
38.3622 0 22.488 1 0.833333 0 -1 0
16.7916 0 20.5223 0.916667 0.888889 0 -1 0
38.3622 0 22.488 1 0.833333 0 -1 0
28.4016 0 34.3585 1 0.888889 0 -1 0
16.7916 0 20.5223 0.916667 0.888889 0 -1 0
43.6621 0 7.92655 0 0.777778 0.984808 0 0.173648
43.6621 9.80615 7.92655 0.083333 0.777778 0.984808 0 0.173648
38.3622 0 22.488 0 0.833333 0.866025 0 0.5
43.6621 9.80615 7.92655 0.083333 0.777778 0.984808 0 0.173648
38.3622 9.80615 22.488 0.083333 0.833333 0.866025 0 0.5
38.3622 0 22.488 0 0.833333 0.866025 0 0.5
43.6621 9.80615 7.92655 0.083333 0.777778 0.984808 0 0.173648
43.6621 19.6123 7.92655 0.166667 0.777778 0.984808 0 0.173648
38.3622 9.80615 22.488 0.083333 0.833333 0.866025 0 0.5
43.6621 19.6123 7.92655 0.166667 0.777778 0.984808 0 0.173648
38.3622 19.6123 22.488 0.166667 0.833333 0.866025 0 0.5
38.3622 9.80615 22.488 0.083333 0.833333 0.866025 0 0.5
43.6621 19.6123 7.92655 0.166667 0.777778 0.984808 0 0.173648
43.6621 29.4184 7.92655 0.25 0.777778 0.984808 0 0.173648
38.3622 19.6123 22.488 0.166667 0.833333 0.866025 0 0.5
43.6621 29.4184 7.92655 0.25 0.777778 0.984808 0 0.173648
38.3622 29.4184 22.488 0.25 0.833333 0.866025 0 0.5
38.3622 19.6123 22.488 0.166667 0.833333 0.866025 0 0.5
43.6621 29.4184 7.92655 0.25 0.777778 0.984808 0 0.173648
43.6621 39.2246 7.92655 0.333333 0.777778 0.984808 0 0.173648
38.3622 29.4184 22.488 0.25 0.833333 0.866025 0 0.5
43.6621 39.2246 7.92655 0.333333 0.777778 0.984808 0 0.173648
38.3622 39.2246 22.488 0.333333 0.833333 0.866025 0 0.5
38.3622 29.4184 22.488 0.25 0.833333 0.866025 0 0.5
43.6621 39.2246 7.92655 0.333333 0.777778 0.984808 0 0.173648
43.6621 49.0307 7.92655 0.416667 0.777778 0.984808 0 0.173648
38.3622 39.2246 22.488 0.333333 0.833333 0.866025 0 0.5
43.6621 49.0307 7.92655 0.416667 0.777778 0.984808 0 0.173648
38.3622 49.0307 22.488 0.416667 0.833333 0.866025 0 0.5
38.3622 39.2246 22.488 0.333333 0.833333 0.866025 0 0.5
43.6621 49.0307 7.92655 0.416667 0.777778 0 1 0
25.8746 49.0307 4.79012 0.5 0.777778 0 1 0
38.3622 49.0307 22.488 0.416667 0.833333 0 1 0
25.8746 49.0307 4.79012 0.5 0.777778 0 1 0
22.7201 49.0307 13.457 0.5 0.833333 0 1 0
38.3622 49.0307 22.488 0.416667 0.833333 0 1 0
25.8746 49.0307 4.79012 0.5 0.777778 -0.984808 0 -0.173648
25.8746 39.2246 4.79012 0.583333 0.777778 -0.984808 0 -0.173648
22.7201 49.0307 13.457 0.5 0.833333 -0.866025 0 -0.5
25.8746 39.2246 4.79012 0.583333 0.777778 -0.984808 0 -0.173648
22.7201 39.2246 13.457 0.583333 0.833333 -0.866025 0 -0.5
22.7201 49.0307 13.457 0.5 0.833333 -0.866025 0 -0.5
25.8746 39.2246 4.79012 0.583333 0.777778 -0.984808 0 -0.173648
25.8746 29.4184 4.79012 0.666667 0.777778 -0.984808 0 -0.173648
22.7201 39.2246 13.457 0.583333 0.833333 -0.866025 0 -0.5
25.8746 29.4184 4.79012 0.666667 0.777778 -0.984808 0 -0.173648
22.7201 29.4184 13.457 0.666667 0.833333 -0.866025 0 -0.5
22.7201 39.2246 13.457 0.583333 0.833333 -0.866025 0 -0.5
25.8746 29.4184 4.79012 0.666667 0.777778 -0.984808 0 -0.173648
25.8746 19.6123 4.79012 0.75 0.777778 -0.984808 0 -0.173648
22.7201 29.4184 13.457 0.666667 0.833333 -0.866025 0 -0.5
25.8746 19.6123 4.79012 0.75 0.777778 -0.984808 0 -0.173648
22.7201 19.6123 13.457 0.75 0.833333 -0.866025 0 -0.5
22.7201 29.4184 13.457 0.666667 0.833333 -0.866025 0 -0.5
25.8746 19.6123 4.79012 0.75 0.777778 -0.984808 0 -0.173648
25.8746 9.80614 4.79012 0.833333 0.777778 -0.984808 0 -0.173648
22.7201 19.6123 13.457 0.75 0.833333 -0.866025 0 -0.5
25.8746 9.80614 4.79012 0.833333 0.777778 -0.984808 0 -0.173648
22.7201 9.80614 13.457 0.833333 0.833333 -0.866025 0 -0.5
22.7201 19.6123 13.457 0.75 0.833333 -0.866025 0 -0.5
25.8746 9.80614 4.79012 0.833333 0.777778 -0.984808 0 -0.173648
25.8746 0 4.79012 0.916667 0.777778 -0.984808 0 -0.173648
22.7201 9.80614 13.457 0.833333 0.833333 -0.866025 0 -0.5
25.8746 0 4.79012 0.916667 0.777778 -0.984808 0 -0.173648
22.7201 0 13.457 0.916667 0.833333 -0.866025 0 -0.5
22.7201 9.80614 13.457 0.833333 0.833333 -0.866025 0 -0.5
25.8746 0 4.79012 0.916667 0.777778 0 -1 0
43.6621 0 7.92655 1 0.777778 0 -1 0
22.7201 0 13.457 0.916667 0.833333 0 -1 0
43.6621 0 7.92655 1 0.777778 0 -1 0
38.3622 0 22.488 1 0.833333 0 -1 0
22.7201 0 13.457 0.916667 0.833333 0 -1 0
43.6621 0 -7.56939 0 0.722222 0.984808 0 -0.173648
43.6621 9.80615 -7.56939 0.083333 0.722222 0.984808 0 -0.173648
43.6621 0 7.92655 0 0.777778 0.984808 0 0.173648
43.6621 9.80615 -7.56939 0.083333 0.722222 0.984808 0 -0.173648
43.6621 9.80615 7.92655 0.083333 0.777778 0.984808 0 0.173648
43.6621 0 7.92655 0 0.777778 0.984808 0 0.173648
43.6621 9.80615 -7.56939 0.083333 0.722222 0.984808 0 -0.173648
43.6621 19.6123 -7.56939 0.166667 0.722222 0.984808 0 -0.173648
43.6621 9.80615 7.92655 0.083333 0.777778 0.984808 0 0.173648
43.6621 19.6123 -7.56939 0.166667 0.722222 0.984808 0 -0.173648
43.6621 19.6123 7.92655 0.166667 0.777778 0.984808 0 0.173648
43.6621 9.80615 7.92655 0.083333 0.777778 0.984808 0 0.173648
43.6621 19.6123 -7.56939 0.166667 0.722222 0.984808 0 -0.173648
43.6621 29.4184 -7.56939 0.25 0.722222 0.984808 0 -0.173648
43.6621 19.6123 7.92655 0.166667 0.777778 0.984808 0 0.173648
43.6621 29.4184 -7.56939 0.25 0.722222 0.984808 0 -0.173648
43.6621 29.4184 7.92655 0.25 0.777778 0.984808 0 0.173648
43.6621 19.6123 7.92655 0.166667 0.777778 0.984808 0 0.173648
43.6621 29.4184 -7.56939 0.25 0.722222 0.984808 0 -0.173648
43.6621 39.2246 -7.56939 0.333333 0.722222 0.984808 0 -0.173648
43.6621 29.4184 7.92655 0.25 0.777778 0.984808 0 0.173648
43.6621 39.2246 -7.56939 0.333333 0.722222 0.984808 0 -0.173648
43.6621 39.2246 7.92655 0.333333 0.777778 0.984808 0 0.173648
43.6621 29.4184 7.92655 0.25 0.777778 0.984808 0 0.173648
43.6621 39.2246 -7.56939 0.333333 0.722222 0.984808 0 -0.173648
43.6621 49.0307 -7.56939 0.416667 0.722222 0.984808 0 -0.173648
43.6621 39.2246 7.92655 0.333333 0.777778 0.984808 0 0.173648
43.6621 49.0307 -7.56939 0.416667 0.722222 0.984808 0 -0.173648
43.6621 49.0307 7.92655 0.416667 0.777778 0.984808 0 0.173648
43.6621 39.2246 7.92655 0.333333 0.777778 0.984808 0 0.173648
43.6621 49.0307 -7.56939 0.416667 0.722222 0 1 0
25.8746 49.0307 -4.43296 0.5 0.722222 0 1 0
43.6621 49.0307 7.92655 0.416667 0.777778 0 1 0
25.8746 49.0307 -4.43296 0.5 0.722222 0 1 0
25.8746 49.0307 4.79012 0.5 0.777778 0 1 0
43.6621 49.0307 7.92655 0.416667 0.777778 0 1 0
25.8746 49.0307 -4.43296 0.5 0.722222 -0.984808 0 0.173648
25.8746 39.2246 -4.43296 0.583333 0.722222 -0.984808 0 0.173648
25.8746 49.0307 4.79012 0.5 0.777778 -0.984808 0 -0.173648
25.8746 39.2246 -4.43296 0.583333 0.722222 -0.984808 0 0.173648
25.8746 39.2246 4.79012 0.583333 0.777778 -0.984808 0 -0.173648
25.8746 49.0307 4.79012 0.5 0.777778 -0.984808 0 -0.173648
25.8746 39.2246 -4.43296 0.583333 0.722222 -0.984808 0 0.173648
25.8746 29.4184 -4.43296 0.666667 0.722222 -0.984808 0 0.173648
25.8746 39.2246 4.79012 0.583333 0.777778 -0.984808 0 -0.173648
25.8746 29.4184 -4.43296 0.666667 0.722222 -0.984808 0 0.173648
25.8746 29.4184 4.79012 0.666667 0.777778 -0.984808 0 -0.173648
25.8746 39.2246 4.79012 0.583333 0.777778 -0.984808 0 -0.173648
25.8746 29.4184 -4.43296 0.666667 0.722222 -0.984808 0 0.173648
25.8746 19.6123 -4.43296 0.75 0.722222 -0.984808 0 0.173648
25.8746 29.4184 4.79012 0.666667 0.777778 -0.984808 0 -0.173648
25.8746 19.6123 -4.43296 0.75 0.722222 -0.984808 0 0.173648
25.8746 19.6123 4.79012 0.75 0.777778 -0.984808 0 -0.173648
25.8746 29.4184 4.79012 0.666667 0.777778 -0.984808 0 -0.173648
25.8746 19.6123 -4.43296 0.75 0.722222 -0.984808 0 0.173648
25.8746 9.80614 -4.43296 0.833333 0.722222 -0.984808 0 0.173648
25.8746 19.6123 4.79012 0.75 0.777778 -0.984808 0 -0.173648
25.8746 9.80614 -4.43296 0.833333 0.722222 -0.984808 0 0.173648
25.8746 9.80614 4.79012 0.833333 0.777778 -0.984808 0 -0.173648
25.8746 19.6123 4.79012 0.75 0.777778 -0.984808 0 -0.173648
25.8746 9.80614 -4.43296 0.833333 0.722222 -0.984808 0 0.173648
25.8746 0 -4.43296 0.916667 0.722222 -0.984808 0 0.173648
25.8746 9.80614 4.79012 0.833333 0.777778 -0.984808 0 -0.173648
25.8746 0 -4.43296 0.916667 0.722222 -0.984808 0 0.173648
25.8746 0 4.79012 0.916667 0.777778 -0.984808 0 -0.173648
25.8746 9.80614 4.79012 0.833333 0.777778 -0.984808 0 -0.173648
25.8746 0 -4.43296 0.916667 0.722222 0 -1 0
43.6621 0 -7.56939 1 0.722222 0 -1 0
25.8746 0 4.79012 0.916667 0.777778 0 -1 0
43.6621 0 -7.56939 1 0.722222 0 -1 0
43.6621 0 7.92655 1 0.777778 0 -1 0
25.8746 0 4.79012 0.916667 0.777778 0 -1 0
38.3622 0 -22.1308 0 0.666667 0.866025 0 -0.5
38.3622 9.80615 -22.1308 0.083333 0.666667 0.866025 0 -0.5
43.6621 0 -7.56939 0 0.722222 0.984808 0 -0.173648
38.3622 9.80615 -22.1308 0.083333 0.666667 0.866025 0 -0.5
43.6621 9.80615 -7.56939 0.083333 0.722222 0.984808 0 -0.173648
43.6621 0 -7.56939 0 0.722222 0.984808 0 -0.173648
38.3622 9.80615 -22.1308 0.083333 0.666667 0.866025 0 -0.5
38.3622 19.6123 -22.1308 0.166667 0.666667 0.866025 0 -0.5
43.6621 9.80615 -7.56939 0.083333 0.722222 0.984808 0 -0.173648
38.3622 19.6123 -22.1308 0.166667 0.666667 0.866025 0 -0.5
43.6621 19.6123 -7.56939 0.166667 0.722222 0.984808 0 -0.173648
43.6621 9.80615 -7.56939 0.083333 0.722222 0.984808 0 -0.173648
38.3622 19.6123 -22.1308 0.166667 0.666667 0.866025 0 -0.5
38.3622 29.4184 -22.1308 0.25 0.666667 0.866025 0 -0.5
43.6621 19.6123 -7.56939 0.166667 0.722222 0.984808 0 -0.173648
38.3622 29.4184 -22.1308 0.25 0.666667 0.866025 0 -0.5
43.6621 29.4184 -7.56939 0.25 0.722222 0.984808 0 -0.173648
43.6621 19.6123 -7.56939 0.166667 0.722222 0.984808 0 -0.173648
38.3622 29.4184 -22.1308 0.25 0.666667 0.866025 0 -0.5
38.3622 39.2246 -22.1308 0.333333 0.666667 0.866025 0 -0.5
43.6621 29.4184 -7.56939 0.25 0.722222 0.984808 0 -0.173648
38.3622 39.2246 -22.1308 0.333333 0.666667 0.866025 0 -0.5
43.6621 39.2246 -7.56939 0.333333 0.722222 0.984808 0 -0.173648
43.6621 29.4184 -7.56939 0.25 0.722222 0.984808 0 -0.173648
38.3622 39.2246 -22.1308 0.333333 0.666667 0.866025 0 -0.5
38.3622 49.0307 -22.1308 0.416667 0.666667 0.866025 0 -0.5
43.6621 39.2246 -7.56939 0.333333 0.722222 0.984808 0 -0.173648
38.3622 49.0307 -22.1308 0.416667 0.666667 0.866025 0 -0.5
43.6621 49.0307 -7.56939 0.416667 0.722222 0.984808 0 -0.173648
43.6621 39.2246 -7.56939 0.333333 0.722222 0.984808 0 -0.173648
38.3622 49.0307 -22.1308 0.416667 0.666667 0 1 0
22.7201 49.0307 -13.0998 0.5 0.666667 0 1 0
43.6621 49.0307 -7.56939 0.416667 0.722222 0 1 0
22.7201 49.0307 -13.0998 0.5 0.666667 0 1 0
25.8746 49.0307 -4.43296 0.5 0.722222 0 1 0
43.6621 49.0307 -7.56939 0.416667 0.722222 0 1 0
22.7201 49.0307 -13.0998 0.5 0.666667 -0.866025 0 0.5
22.7201 39.2246 -13.0998 0.583333 0.666667 -0.866025 0 0.5
25.8746 49.0307 -4.43296 0.5 0.722222 -0.984808 0 0.173648
22.7201 39.2246 -13.0998 0.583333 0.666667 -0.866025 0 0.5
25.8746 39.2246 -4.43296 0.583333 0.722222 -0.984808 0 0.173648
25.8746 49.0307 -4.43296 0.5 0.722222 -0.984808 0 0.173648
22.7201 39.2246 -13.0998 0.583333 0.666667 -0.866025 0 0.5
22.7201 29.4184 -13.0998 0.666667 0.666667 -0.866025 0 0.5
25.8746 39.2246 -4.43296 0.583333 0.722222 -0.984808 0 0.173648
22.7201 29.4184 -13.0998 0.666667 0.666667 -0.866025 0 0.5
25.8746 29.4184 -4.43296 0.666667 0.722222 -0.984808 0 0.173648
25.8746 39.2246 -4.43296 0.583333 0.722222 -0.984808 0 0.173648
22.7201 29.4184 -13.0998 0.666667 0.666667 -0.866025 0 0.5
22.7201 19.6123 -13.0998 0.75 0.666667 -0.866025 0 0.5
25.8746 29.4184 -4.43296 0.666667 0.722222 -0.984808 0 0.173648
22.7201 19.6123 -13.0998 0.75 0.666667 -0.866025 0 0.5
25.8746 19.6123 -4.43296 0.75 0.722222 -0.984808 0 0.173648
25.8746 29.4184 -4.43296 0.666667 0.722222 -0.984808 0 0.173648
22.7201 19.6123 -13.0998 0.75 0.666667 -0.866025 0 0.5
22.7201 9.80614 -13.0998 0.833333 0.666667 -0.866025 0 0.5
25.8746 19.6123 -4.43296 0.75 0.722222 -0.984808 0 0.173648
22.7201 9.80614 -13.0998 0.833333 0.666667 -0.866025 0 0.5
25.8746 9.80614 -4.43296 0.833333 0.722222 -0.984808 0 0.173648
25.8746 19.6123 -4.43296 0.75 0.722222 -0.984808 0 0.173648
22.7201 9.80614 -13.0998 0.833333 0.666667 -0.866025 0 0.5
22.7201 0 -13.0998 0.916667 0.666667 -0.866025 0 0.5
25.8746 9.80614 -4.43296 0.833333 0.722222 -0.984808 0 0.173648
22.7201 0 -13.0998 0.916667 0.666667 -0.866025 0 0.5
25.8746 0 -4.43296 0.916667 0.722222 -0.984808 0 0.173648
25.8746 9.80614 -4.43296 0.833333 0.722222 -0.984808 0 0.173648
22.7201 0 -13.0998 0.916667 0.666667 0 -1 0
38.3622 0 -22.1308 1 0.666667 0 -1 0
25.8746 0 -4.43296 0.916667 0.722222 0 -1 0
38.3622 0 -22.1308 1 0.666667 0 -1 0
43.6621 0 -7.56939 1 0.722222 0 -1 0
25.8746 0 -4.43296 0.916667 0.722222 0 -1 0
28.4016 0 -34.0014 0 0.611111 0.642787 0 -0.766045
28.4016 9.80615 -34.0014 0.083333 0.611111 0.642788 0 -0.766045
38.3622 0 -22.1308 0 0.666667 0.866025 0 -0.5
28.4016 9.80615 -34.0014 0.083333 0.611111 0.642788 0 -0.766045
38.3622 9.80615 -22.1308 0.083333 0.666667 0.866025 0 -0.5
38.3622 0 -22.1308 0 0.666667 0.866025 0 -0.5
28.4016 9.80615 -34.0014 0.083333 0.611111 0.642788 0 -0.766045
28.4016 19.6123 -34.0014 0.166667 0.611111 0.642788 0 -0.766044
38.3622 9.80615 -22.1308 0.083333 0.666667 0.866025 0 -0.5
28.4016 19.6123 -34.0014 0.166667 0.611111 0.642788 0 -0.766044
38.3622 19.6123 -22.1308 0.166667 0.666667 0.866025 0 -0.5
38.3622 9.80615 -22.1308 0.083333 0.666667 0.866025 0 -0.5
28.4016 19.6123 -34.0014 0.166667 0.611111 0.642788 0 -0.766044
28.4016 29.4184 -34.0014 0.25 0.611111 0.642788 0 -0.766044
38.3622 19.6123 -22.1308 0.166667 0.666667 0.866025 0 -0.5
28.4016 29.4184 -34.0014 0.25 0.611111 0.642788 0 -0.766044
38.3622 29.4184 -22.1308 0.25 0.666667 0.866025 0 -0.5
38.3622 19.6123 -22.1308 0.166667 0.666667 0.866025 0 -0.5
28.4016 29.4184 -34.0014 0.25 0.611111 0.642788 0 -0.766044
28.4016 39.2246 -34.0014 0.333333 0.611111 0.642788 0 -0.766044
38.3622 29.4184 -22.1308 0.25 0.666667 0.866025 0 -0.5
28.4016 39.2246 -34.0014 0.333333 0.611111 0.642788 0 -0.766044
38.3622 39.2246 -22.1308 0.333333 0.666667 0.866025 0 -0.5
38.3622 29.4184 -22.1308 0.25 0.666667 0.866025 0 -0.5
28.4016 39.2246 -34.0014 0.333333 0.611111 0.642788 0 -0.766044
28.4016 49.0307 -34.0014 0.416667 0.611111 0.642787 0 -0.766045
38.3622 39.2246 -22.1308 0.333333 0.666667 0.866025 0 -0.5
28.4016 49.0307 -34.0014 0.416667 0.611111 0.642787 0 -0.766045
38.3622 49.0307 -22.1308 0.416667 0.666667 0.866025 0 -0.5
38.3622 39.2246 -22.1308 0.333333 0.666667 0.866025 0 -0.5
28.4016 49.0307 -34.0014 0.416667 0.611111 0 1 0
16.7916 49.0307 -20.1651 0.5 0.611111 0 1 0
38.3622 49.0307 -22.1308 0.416667 0.666667 0 1 0
16.7916 49.0307 -20.1651 0.5 0.611111 0 1 0
22.7201 49.0307 -13.0998 0.5 0.666667 0 1 0
38.3622 49.0307 -22.1308 0.416667 0.666667 0 1 0
16.7916 49.0307 -20.1651 0.5 0.611111 -0.642787 0 0.766045
16.7916 39.2246 -20.1651 0.583333 0.611111 -0.642787 0 0.766045
22.7201 49.0307 -13.0998 0.5 0.666667 -0.866025 0 0.5
16.7916 39.2246 -20.1651 0.583333 0.611111 -0.642787 0 0.766045
22.7201 39.2246 -13.0998 0.583333 0.666667 -0.866025 0 0.5
22.7201 49.0307 -13.0998 0.5 0.666667 -0.866025 0 0.5
16.7916 39.2246 -20.1651 0.583333 0.611111 -0.642787 0 0.766045
16.7916 29.4184 -20.1651 0.666667 0.611111 -0.642787 0 0.766045
22.7201 39.2246 -13.0998 0.583333 0.666667 -0.866025 0 0.5
16.7916 29.4184 -20.1651 0.666667 0.611111 -0.642787 0 0.766045
22.7201 29.4184 -13.0998 0.666667 0.666667 -0.866025 0 0.5
22.7201 39.2246 -13.0998 0.583333 0.666667 -0.866025 0 0.5
16.7916 29.4184 -20.1651 0.666667 0.611111 -0.642787 0 0.766045
16.7916 19.6123 -20.1651 0.75 0.611111 -0.642787 0 0.766045
22.7201 29.4184 -13.0998 0.666667 0.666667 -0.866025 0 0.5
16.7916 19.6123 -20.1651 0.75 0.611111 -0.642787 0 0.766045
22.7201 19.6123 -13.0998 0.75 0.666667 -0.866025 0 0.5
22.7201 29.4184 -13.0998 0.666667 0.666667 -0.866025 0 0.5
16.7916 19.6123 -20.1651 0.75 0.611111 -0.642787 0 0.766045
16.7916 9.80614 -20.1651 0.833333 0.611111 -0.642787 0 0.766045
22.7201 19.6123 -13.0998 0.75 0.666667 -0.866025 0 0.5
16.7916 9.80614 -20.1651 0.833333 0.611111 -0.642787 0 0.766045
22.7201 9.80614 -13.0998 0.833333 0.666667 -0.866025 0 0.5
22.7201 19.6123 -13.0998 0.75 0.666667 -0.866025 0 0.5
16.7916 9.80614 -20.1651 0.833333 0.611111 -0.642787 0 0.766045
16.7916 0 -20.1651 0.916667 0.611111 -0.642787 0 0.766045
22.7201 9.80614 -13.0998 0.833333 0.666667 -0.866025 0 0.5
16.7916 0 -20.1651 0.916667 0.611111 -0.642787 0 0.766045
22.7201 0 -13.0998 0.916667 0.666667 -0.866025 0 0.5
22.7201 9.80614 -13.0998 0.833333 0.666667 -0.866025 0 0.5
16.7916 0 -20.1651 0.916667 0.611111 0 -1 0
28.4016 0 -34.0014 1 0.611111 0 -1 0
22.7201 0 -13.0998 0.916667 0.666667 0 -1 0
28.4016 0 -34.0014 1 0.611111 0 -1 0
38.3622 0 -22.1308 1 0.666667 0 -1 0
22.7201 0 -13.0998 0.916667 0.666667 0 -1 0
14.9817 0 -41.7494 0 0.555556 0.34202 0 -0.939693
14.9817 9.80615 -41.7494 0.083333 0.555556 0.34202 0 -0.939693
28.4016 0 -34.0014 0 0.611111 0.642787 0 -0.766045
14.9817 9.80615 -41.7494 0.083333 0.555556 0.34202 0 -0.939693
28.4016 9.80615 -34.0014 0.083333 0.611111 0.642788 0 -0.766045
28.4016 0 -34.0014 0 0.611111 0.642787 0 -0.766045
14.9817 9.80615 -41.7494 0.083333 0.555556 0.34202 0 -0.939693
14.9817 19.6123 -41.7494 0.166667 0.555556 0.34202 0 -0.939693
28.4016 9.80615 -34.0014 0.083333 0.611111 0.642788 0 -0.766045
14.9817 19.6123 -41.7494 0.166667 0.555556 0.34202 0 -0.939693
28.4016 19.6123 -34.0014 0.166667 0.611111 0.642788 0 -0.766044
28.4016 9.80615 -34.0014 0.083333 0.611111 0.642788 0 -0.766045
14.9817 19.6123 -41.7494 0.166667 0.555556 0.34202 0 -0.939693
14.9817 29.4184 -41.7494 0.25 0.555556 0.34202 0 -0.939693
28.4016 19.6123 -34.0014 0.166667 0.611111 0.642788 0 -0.766044
14.9817 29.4184 -41.7494 0.25 0.555556 0.34202 0 -0.939693
28.4016 29.4184 -34.0014 0.25 0.611111 0.642788 0 -0.766044
28.4016 19.6123 -34.0014 0.166667 0.611111 0.642788 0 -0.766044
14.9817 29.4184 -41.7494 0.25 0.555556 0.34202 0 -0.939693
14.9817 39.2246 -41.7494 0.333333 0.555556 0.34202 0 -0.939693
28.4016 29.4184 -34.0014 0.25 0.611111 0.642788 0 -0.766044
14.9817 39.2246 -41.7494 0.333333 0.555556 0.34202 0 -0.939693
28.4016 39.2246 -34.0014 0.333333 0.611111 0.642788 0 -0.766044
28.4016 29.4184 -34.0014 0.25 0.611111 0.642788 0 -0.766044
14.9817 39.2246 -41.7494 0.333333 0.555556 0.34202 0 -0.939693
14.9817 49.0307 -41.7494 0.416667 0.555556 0.34202 0 -0.939693
28.4016 39.2246 -34.0014 0.333333 0.611111 0.642788 0 -0.766044
14.9817 49.0307 -41.7494 0.416667 0.555556 0.34202 0 -0.939693
28.4016 49.0307 -34.0014 0.416667 0.611111 0.642787 0 -0.766045
28.4016 39.2246 -34.0014 0.333333 0.611111 0.642788 0 -0.766044
14.9817 49.0307 -41.7494 0.416667 0.555556 0 1 0
8.80418 49.0307 -24.7767 0.5 0.555556 0 1 0
28.4016 49.0307 -34.0014 0.416667 0.611111 0 1 0
8.80418 49.0307 -24.7767 0.5 0.555556 0 1 0
16.7916 49.0307 -20.1651 0.5 0.611111 0 1 0
28.4016 49.0307 -34.0014 0.416667 0.611111 0 1 0
8.80418 49.0307 -24.7767 0.5 0.555556 -0.34202 0 0.939693
8.80418 39.2246 -24.7767 0.583333 0.555556 -0.34202 0 0.939693
16.7916 49.0307 -20.1651 0.5 0.611111 -0.642787 0 0.766045
8.80418 39.2246 -24.7767 0.583333 0.555556 -0.34202 0 0.939693
16.7916 39.2246 -20.1651 0.583333 0.611111 -0.642787 0 0.766045
16.7916 49.0307 -20.1651 0.5 0.611111 -0.642787 0 0.766045
8.80418 39.2246 -24.7767 0.583333 0.555556 -0.34202 0 0.939693
8.80418 29.4184 -24.7767 0.666667 0.555556 -0.34202 0 0.939693
16.7916 39.2246 -20.1651 0.583333 0.611111 -0.642787 0 0.766045
8.80418 29.4184 -24.7767 0.666667 0.555556 -0.34202 0 0.939693
16.7916 29.4184 -20.1651 0.666667 0.611111 -0.642787 0 0.766045
16.7916 39.2246 -20.1651 0.583333 0.611111 -0.642787 0 0.766045
8.80418 29.4184 -24.7767 0.666667 0.555556 -0.34202 0 0.939693
8.80418 19.6123 -24.7767 0.75 0.555556 -0.34202 0 0.939693
16.7916 29.4184 -20.1651 0.666667 0.611111 -0.642787 0 0.766045
8.80418 19.6123 -24.7767 0.75 0.555556 -0.34202 0 0.939693
16.7916 19.6123 -20.1651 0.75 0.611111 -0.642787 0 0.766045
16.7916 29.4184 -20.1651 0.666667 0.611111 -0.642787 0 0.766045
8.80418 19.6123 -24.7767 0.75 0.555556 -0.34202 0 0.939693
8.80418 9.80614 -24.7767 0.833333 0.555556 -0.34202 0 0.939693
16.7916 19.6123 -20.1651 0.75 0.611111 -0.642787 0 0.766045
8.80418 9.80614 -24.7767 0.833333 0.555556 -0.34202 0 0.939693
16.7916 9.80614 -20.1651 0.833333 0.611111 -0.642787 0 0.766045
16.7916 19.6123 -20.1651 0.75 0.611111 -0.642787 0 0.766045
8.80418 9.80614 -24.7767 0.833333 0.555556 -0.34202 0 0.939693
8.80418 0 -24.7767 0.916667 0.555556 -0.34202 0 0.939693
16.7916 9.80614 -20.1651 0.833333 0.611111 -0.642787 0 0.766045
8.80418 0 -24.7767 0.916667 0.555556 -0.34202 0 0.939693
16.7916 0 -20.1651 0.916667 0.611111 -0.642787 0 0.766045
16.7916 9.80614 -20.1651 0.833333 0.611111 -0.642787 0 0.766045
8.80418 0 -24.7767 0.916667 0.555556 0 -1 0
14.9817 0 -41.7494 1 0.555556 0 -1 0
16.7916 0 -20.1651 0.916667 0.611111 0 -1 0
14.9817 0 -41.7494 1 0.555556 0 -1 0
28.4016 0 -34.0014 1 0.611111 0 -1 0
16.7916 0 -20.1651 0.916667 0.611111 0 -1 0
-0.278791 0 -44.4402 0 0.5 -0 0 -1
-0.278791 9.80615 -44.4402 0.083333 0.5 -0 0 -1
14.9817 0 -41.7494 0 0.555556 0.34202 0 -0.939693
-0.278791 9.80615 -44.4402 0.083333 0.5 -0 0 -1
14.9817 9.80615 -41.7494 0.083333 0.555556 0.34202 0 -0.939693
14.9817 0 -41.7494 0 0.555556 0.34202 0 -0.939693
-0.278791 9.80615 -44.4402 0.083333 0.5 -0 0 -1
-0.278791 19.6123 -44.4402 0.166667 0.5 -0 0 -1
14.9817 9.80615 -41.7494 0.083333 0.555556 0.34202 0 -0.939693
-0.278791 19.6123 -44.4402 0.166667 0.5 -0 0 -1
14.9817 19.6123 -41.7494 0.166667 0.555556 0.34202 0 -0.939693
14.9817 9.80615 -41.7494 0.083333 0.555556 0.34202 0 -0.939693
-0.278791 19.6123 -44.4402 0.166667 0.5 -0 0 -1
-0.278791 29.4184 -44.4402 0.25 0.5 -0 0 -1
14.9817 19.6123 -41.7494 0.166667 0.555556 0.34202 0 -0.939693
-0.278791 29.4184 -44.4402 0.25 0.5 -0 0 -1
14.9817 29.4184 -41.7494 0.25 0.555556 0.34202 0 -0.939693
14.9817 19.6123 -41.7494 0.166667 0.555556 0.34202 0 -0.939693
-0.278791 29.4184 -44.4402 0.25 0.5 -0 0 -1
-0.278791 39.2246 -44.4402 0.333333 0.5 -0 0 -1
14.9817 29.4184 -41.7494 0.25 0.555556 0.34202 0 -0.939693
-0.278791 39.2246 -44.4402 0.333333 0.5 -0 0 -1
14.9817 39.2246 -41.7494 0.333333 0.555556 0.34202 0 -0.939693
14.9817 29.4184 -41.7494 0.25 0.555556 0.34202 0 -0.939693
-0.278791 39.2246 -44.4402 0.333333 0.5 -0 0 -1
-0.278791 49.0307 -44.4402 0.416667 0.5 -0 0 -1
14.9817 39.2246 -41.7494 0.333333 0.555556 0.34202 0 -0.939693
-0.278791 49.0307 -44.4402 0.416667 0.5 -0 0 -1
14.9817 49.0307 -41.7494 0.416667 0.555556 0.34202 0 -0.939693
14.9817 39.2246 -41.7494 0.333333 0.555556 0.34202 0 -0.939693
-0.278791 49.0307 -44.4402 0.416667 0.5 0 1 0
-0.278786 49.0307 -26.3782 0.5 0.5 0 1 0
14.9817 49.0307 -41.7494 0.416667 0.555556 0 1 0
-0.278786 49.0307 -26.3782 0.5 0.5 0 1 0
8.80418 49.0307 -24.7767 0.5 0.555556 0 1 0
14.9817 49.0307 -41.7494 0.416667 0.555556 0 1 0
-0.278786 49.0307 -26.3782 0.5 0.5 0 0 1
-0.278786 39.2246 -26.3782 0.583333 0.5 0 0 1
8.80418 49.0307 -24.7767 0.5 0.555556 -0.34202 0 0.939693
-0.278786 39.2246 -26.3782 0.583333 0.5 0 0 1
8.80418 39.2246 -24.7767 0.583333 0.555556 -0.34202 0 0.939693
8.80418 49.0307 -24.7767 0.5 0.555556 -0.34202 0 0.939693
-0.278786 39.2246 -26.3782 0.583333 0.5 0 0 1
-0.278786 29.4184 -26.3782 0.666667 0.5 0 0 1
8.80418 39.2246 -24.7767 0.583333 0.555556 -0.34202 0 0.939693
-0.278786 29.4184 -26.3782 0.666667 0.5 0 0 1
8.80418 29.4184 -24.7767 0.666667 0.555556 -0.34202 0 0.939693
8.80418 39.2246 -24.7767 0.583333 0.555556 -0.34202 0 0.939693
-0.278786 29.4184 -26.3782 0.666667 0.5 0 0 1
-0.278786 19.6123 -26.3782 0.75 0.5 0 0 1
8.80418 29.4184 -24.7767 0.666667 0.555556 -0.34202 0 0.939693
-0.278786 19.6123 -26.3782 0.75 0.5 0 0 1
8.80418 19.6123 -24.7767 0.75 0.555556 -0.34202 0 0.939693
8.80418 29.4184 -24.7767 0.666667 0.555556 -0.34202 0 0.939693
-0.278786 19.6123 -26.3782 0.75 0.5 0 0 1
-0.278786 9.80614 -26.3782 0.833333 0.5 0 0 1
8.80418 19.6123 -24.7767 0.75 0.555556 -0.34202 0 0.939693
-0.278786 9.80614 -26.3782 0.833333 0.5 0 0 1
8.80418 9.80614 -24.7767 0.833333 0.555556 -0.34202 0 0.939693
8.80418 19.6123 -24.7767 0.75 0.555556 -0.34202 0 0.939693
-0.278786 9.80614 -26.3782 0.833333 0.5 0 0 1
-0.278786 0 -26.3782 0.916667 0.5 0 0 1
8.80418 9.80614 -24.7767 0.833333 0.555556 -0.34202 0 0.939693
-0.278786 0 -26.3782 0.916667 0.5 0 0 1
8.80418 0 -24.7767 0.916667 0.555556 -0.34202 0 0.939693
8.80418 9.80614 -24.7767 0.833333 0.555556 -0.34202 0 0.939693
-0.278786 0 -26.3782 0.916667 0.5 0 -1 0
-0.278791 0 -44.4402 1 0.5 0 -1 0
8.80418 0 -24.7767 0.916667 0.555556 0 -1 0
-0.278791 0 -44.4402 1 0.5 0 -1 0
14.9817 0 -41.7494 1 0.555556 0 -1 0
8.80418 0 -24.7767 0.916667 0.555556 0 -1 0
-15.5393 0 -41.7493 0 0.444444 -0.34202 0 -0.939693
-15.5393 9.80615 -41.7493 0.083333 0.444444 -0.34202 0 -0.939693
-0.278791 0 -44.4402 0 0.5 -0 0 -1
-15.5393 9.80615 -41.7493 0.083333 0.444444 -0.34202 0 -0.939693
-0.278791 9.80615 -44.4402 0.083333 0.5 -0 0 -1
-0.278791 0 -44.4402 0 0.5 -0 0 -1
-15.5393 9.80615 -41.7493 0.083333 0.444444 -0.34202 0 -0.939693
-15.5393 19.6123 -41.7493 0.166667 0.444444 -0.34202 0 -0.939693
-0.278791 9.80615 -44.4402 0.083333 0.5 -0 0 -1
-15.5393 19.6123 -41.7493 0.166667 0.444444 -0.34202 0 -0.939693
-0.278791 19.6123 -44.4402 0.166667 0.5 -0 0 -1
-0.278791 9.80615 -44.4402 0.083333 0.5 -0 0 -1
-15.5393 19.6123 -41.7493 0.166667 0.444444 -0.34202 0 -0.939693
-15.5393 29.4184 -41.7493 0.25 0.444444 -0.34202 0 -0.939693
-0.278791 19.6123 -44.4402 0.166667 0.5 -0 0 -1
-15.5393 29.4184 -41.7493 0.25 0.444444 -0.34202 0 -0.939693
-0.278791 29.4184 -44.4402 0.25 0.5 -0 0 -1
-0.278791 19.6123 -44.4402 0.166667 0.5 -0 0 -1
-15.5393 29.4184 -41.7493 0.25 0.444444 -0.34202 0 -0.939693
-15.5393 39.2246 -41.7493 0.333333 0.444444 -0.34202 0 -0.939693
-0.278791 29.4184 -44.4402 0.25 0.5 -0 0 -1
-15.5393 39.2246 -41.7493 0.333333 0.444444 -0.34202 0 -0.939693
-0.278791 39.2246 -44.4402 0.333333 0.5 -0 0 -1
-0.278791 29.4184 -44.4402 0.25 0.5 -0 0 -1
-15.5393 39.2246 -41.7493 0.333333 0.444444 -0.34202 0 -0.939693
-15.5393 49.0307 -41.7493 0.416667 0.444444 -0.34202 0 -0.939693
-0.278791 39.2246 -44.4402 0.333333 0.5 -0 0 -1
-15.5393 49.0307 -41.7493 0.416667 0.444444 -0.34202 0 -0.939693
-0.278791 49.0307 -44.4402 0.416667 0.5 -0 0 -1
-0.278791 39.2246 -44.4402 0.333333 0.5 -0 0 -1
-15.5393 49.0307 -41.7493 0.416667 0.444444 0 1 0
-9.36175 49.0307 -24.7767 0.5 0.444444 0 1 0
-0.278791 49.0307 -44.4402 0.416667 0.5 0 1 0
-9.36175 49.0307 -24.7767 0.5 0.444444 0 1 0
-0.278786 49.0307 -26.3782 0.5 0.5 0 1 0
-0.278791 49.0307 -44.4402 0.416667 0.5 0 1 0
-9.36175 49.0307 -24.7767 0.5 0.444444 0.34202 0 0.939692
-9.36175 39.2246 -24.7767 0.583333 0.444444 0.34202 0 0.939692
-0.278786 49.0307 -26.3782 0.5 0.5 0 0 1
-9.36175 39.2246 -24.7767 0.583333 0.444444 0.34202 0 0.939692
-0.278786 39.2246 -26.3782 0.583333 0.5 0 0 1
-0.278786 49.0307 -26.3782 0.5 0.5 0 0 1
-9.36175 39.2246 -24.7767 0.583333 0.444444 0.34202 0 0.939692
-9.36175 29.4184 -24.7767 0.666667 0.444444 0.34202 0 0.939692
-0.278786 39.2246 -26.3782 0.583333 0.5 0 0 1
-9.36175 29.4184 -24.7767 0.666667 0.444444 0.34202 0 0.939692
-0.278786 29.4184 -26.3782 0.666667 0.5 0 0 1
-0.278786 39.2246 -26.3782 0.583333 0.5 0 0 1
-9.36175 29.4184 -24.7767 0.666667 0.444444 0.34202 0 0.939692
-9.36175 19.6123 -24.7767 0.75 0.444444 0.34202 0 0.939692
-0.278786 29.4184 -26.3782 0.666667 0.5 0 0 1
-9.36175 19.6123 -24.7767 0.75 0.444444 0.34202 0 0.939692
-0.278786 19.6123 -26.3782 0.75 0.5 0 0 1
-0.278786 29.4184 -26.3782 0.666667 0.5 0 0 1
-9.36175 19.6123 -24.7767 0.75 0.444444 0.34202 0 0.939692
-9.36175 9.80614 -24.7767 0.833333 0.444444 0.34202 0 0.939692
-0.278786 19.6123 -26.3782 0.75 0.5 0 0 1
-9.36175 9.80614 -24.7767 0.833333 0.444444 0.34202 0 0.939692
-0.278786 9.80614 -26.3782 0.833333 0.5 0 0 1
-0.278786 19.6123 -26.3782 0.75 0.5 0 0 1
-9.36175 9.80614 -24.7767 0.833333 0.444444 0.34202 0 0.939692
-9.36175 0 -24.7767 0.916667 0.444444 0.34202 0 0.939692
-0.278786 9.80614 -26.3782 0.833333 0.5 0 0 1
-9.36175 0 -24.7767 0.916667 0.444444 0.34202 0 0.939692
-0.278786 0 -26.3782 0.916667 0.5 0 0 1
-0.278786 9.80614 -26.3782 0.833333 0.5 0 0 1
-9.36175 0 -24.7767 0.916667 0.444444 0 -1 0
-15.5393 0 -41.7493 1 0.444444 0 -1 0
-0.278786 0 -26.3782 0.916667 0.5 0 -1 0
-15.5393 0 -41.7493 1 0.444444 0 -1 0
-0.278791 0 -44.4402 1 0.5 0 -1 0
-0.278786 0 -26.3782 0.916667 0.5 0 -1 0
-28.9592 0 -34.0014 0 0.388889 -0.642788 0 -0.766044
-28.9592 9.80615 -34.0014 0.083333 0.388889 -0.642788 0 -0.766044
-15.5393 0 -41.7493 0 0.444444 -0.34202 0 -0.939693
-28.9592 9.80615 -34.0014 0.083333 0.388889 -0.642788 0 -0.766044
-15.5393 9.80615 -41.7493 0.083333 0.444444 -0.34202 0 -0.939693
-15.5393 0 -41.7493 0 0.444444 -0.34202 0 -0.939693
-28.9592 9.80615 -34.0014 0.083333 0.388889 -0.642788 0 -0.766044
-28.9592 19.6123 -34.0014 0.166667 0.388889 -0.642788 0 -0.766044
-15.5393 9.80615 -41.7493 0.083333 0.444444 -0.34202 0 -0.939693
-28.9592 19.6123 -34.0014 0.166667 0.388889 -0.642788 0 -0.766044
-15.5393 19.6123 -41.7493 0.166667 0.444444 -0.34202 0 -0.939693
-15.5393 9.80615 -41.7493 0.083333 0.444444 -0.34202 0 -0.939693
-28.9592 19.6123 -34.0014 0.166667 0.388889 -0.642788 0 -0.766044
-28.9592 29.4184 -34.0014 0.25 0.388889 -0.642788 0 -0.766044
-15.5393 19.6123 -41.7493 0.166667 0.444444 -0.34202 0 -0.939693
-28.9592 29.4184 -34.0014 0.25 0.388889 -0.642788 0 -0.766044
-15.5393 29.4184 -41.7493 0.25 0.444444 -0.34202 0 -0.939693
-15.5393 19.6123 -41.7493 0.166667 0.444444 -0.34202 0 -0.939693
-28.9592 29.4184 -34.0014 0.25 0.388889 -0.642788 0 -0.766044
-28.9592 39.2246 -34.0014 0.333333 0.388889 -0.642788 0 -0.766044
-15.5393 29.4184 -41.7493 0.25 0.444444 -0.34202 0 -0.939693
-28.9592 39.2246 -34.0014 0.333333 0.388889 -0.642788 0 -0.766044
-15.5393 39.2246 -41.7493 0.333333 0.444444 -0.34202 0 -0.939693
-15.5393 29.4184 -41.7493 0.25 0.444444 -0.34202 0 -0.939693
-28.9592 39.2246 -34.0014 0.333333 0.388889 -0.642788 0 -0.766044
-28.9592 49.0307 -34.0014 0.416667 0.388889 -0.642788 0 -0.766044
-15.5393 39.2246 -41.7493 0.333333 0.444444 -0.34202 0 -0.939693
-28.9592 49.0307 -34.0014 0.416667 0.388889 -0.642788 0 -0.766044
-15.5393 49.0307 -41.7493 0.416667 0.444444 -0.34202 0 -0.939693
-15.5393 39.2246 -41.7493 0.333333 0.444444 -0.34202 0 -0.939693
-28.9592 49.0307 -34.0014 0.416667 0.388889 0 1 0
-17.3492 49.0307 -20.1651 0.5 0.388889 0 1 0
-15.5393 49.0307 -41.7493 0.416667 0.444444 0 1 0
-17.3492 49.0307 -20.1651 0.5 0.388889 0 1 0
-9.36175 49.0307 -24.7767 0.5 0.444444 0 1 0
-15.5393 49.0307 -41.7493 0.416667 0.444444 0 1 0
-17.3492 49.0307 -20.1651 0.5 0.388889 0.642788 0 0.766044
-17.3492 39.2246 -20.1651 0.583333 0.388889 0.642788 0 0.766044
-9.36175 49.0307 -24.7767 0.5 0.444444 0.34202 0 0.939692
-17.3492 39.2246 -20.1651 0.583333 0.388889 0.642788 0 0.766044
-9.36175 39.2246 -24.7767 0.583333 0.444444 0.34202 0 0.939692
-9.36175 49.0307 -24.7767 0.5 0.444444 0.34202 0 0.939692
-17.3492 39.2246 -20.1651 0.583333 0.388889 0.642788 0 0.766044
-17.3492 29.4184 -20.1651 0.666667 0.388889 0.642788 0 0.766044
-9.36175 39.2246 -24.7767 0.583333 0.444444 0.34202 0 0.939692
-17.3492 29.4184 -20.1651 0.666667 0.388889 0.642788 0 0.766044
-9.36175 29.4184 -24.7767 0.666667 0.444444 0.34202 0 0.939692
-9.36175 39.2246 -24.7767 0.583333 0.444444 0.34202 0 0.939692
-17.3492 29.4184 -20.1651 0.666667 0.388889 0.642788 0 0.766044
-17.3492 19.6123 -20.1651 0.75 0.388889 0.642788 0 0.766044
-9.36175 29.4184 -24.7767 0.666667 0.444444 0.34202 0 0.939692
-17.3492 19.6123 -20.1651 0.75 0.388889 0.642788 0 0.766044
-9.36175 19.6123 -24.7767 0.75 0.444444 0.34202 0 0.939692
-9.36175 29.4184 -24.7767 0.666667 0.444444 0.34202 0 0.939692
-17.3492 19.6123 -20.1651 0.75 0.388889 0.642788 0 0.766044
-17.3492 9.80614 -20.1651 0.833333 0.388889 0.642788 0 0.766044
-9.36175 19.6123 -24.7767 0.75 0.444444 0.34202 0 0.939692
-17.3492 9.80614 -20.1651 0.833333 0.388889 0.642788 0 0.766044
-9.36175 9.80614 -24.7767 0.833333 0.444444 0.34202 0 0.939692
-9.36175 19.6123 -24.7767 0.75 0.444444 0.34202 0 0.939692
-17.3492 9.80614 -20.1651 0.833333 0.388889 0.642788 0 0.766044
-17.3492 0 -20.1651 0.916667 0.388889 0.642788 0 0.766044
-9.36175 9.80614 -24.7767 0.833333 0.444444 0.34202 0 0.939692
-17.3492 0 -20.1651 0.916667 0.388889 0.642788 0 0.766044
-9.36175 0 -24.7767 0.916667 0.444444 0.34202 0 0.939692
-9.36175 9.80614 -24.7767 0.833333 0.444444 0.34202 0 0.939692
-17.3492 0 -20.1651 0.916667 0.388889 0 -1 0
-28.9592 0 -34.0014 1 0.388889 0 -1 0
-9.36175 0 -24.7767 0.916667 0.444444 0 -1 0
-28.9592 0 -34.0014 1 0.388889 0 -1 0
-15.5393 0 -41.7493 1 0.444444 0 -1 0
-9.36175 0 -24.7767 0.916667 0.444444 0 -1 0
-38.9198 0 -22.1308 0 0.333333 -0.866026 0 -0.5
-38.9198 9.80615 -22.1308 0.083333 0.333333 -0.866025 0 -0.5
-28.9592 0 -34.0014 0 0.388889 -0.642788 0 -0.766044
-38.9198 9.80615 -22.1308 0.083333 0.333333 -0.866025 0 -0.5
-28.9592 9.80615 -34.0014 0.083333 0.388889 -0.642788 0 -0.766044
-28.9592 0 -34.0014 0 0.388889 -0.642788 0 -0.766044
-38.9198 9.80615 -22.1308 0.083333 0.333333 -0.866025 0 -0.5
-38.9198 19.6123 -22.1308 0.166667 0.333333 -0.866026 0 -0.5
-28.9592 9.80615 -34.0014 0.083333 0.388889 -0.642788 0 -0.766044
-38.9198 19.6123 -22.1308 0.166667 0.333333 -0.866026 0 -0.5
-28.9592 19.6123 -34.0014 0.166667 0.388889 -0.642788 0 -0.766044
-28.9592 9.80615 -34.0014 0.083333 0.388889 -0.642788 0 -0.766044
-38.9198 19.6123 -22.1308 0.166667 0.333333 -0.866026 0 -0.5
-38.9198 29.4184 -22.1308 0.25 0.333333 -0.866026 0 -0.5
-28.9592 19.6123 -34.0014 0.166667 0.388889 -0.642788 0 -0.766044
-38.9198 29.4184 -22.1308 0.25 0.333333 -0.866026 0 -0.5
-28.9592 29.4184 -34.0014 0.25 0.388889 -0.642788 0 -0.766044
-28.9592 19.6123 -34.0014 0.166667 0.388889 -0.642788 0 -0.766044
-38.9198 29.4184 -22.1308 0.25 0.333333 -0.866026 0 -0.5
-38.9198 39.2246 -22.1308 0.333333 0.333333 -0.866026 0 -0.5
-28.9592 29.4184 -34.0014 0.25 0.388889 -0.642788 0 -0.766044
-38.9198 39.2246 -22.1308 0.333333 0.333333 -0.866026 0 -0.5
-28.9592 39.2246 -34.0014 0.333333 0.388889 -0.642788 0 -0.766044
-28.9592 29.4184 -34.0014 0.25 0.388889 -0.642788 0 -0.766044
-38.9198 39.2246 -22.1308 0.333333 0.333333 -0.866026 0 -0.5
-38.9198 49.0307 -22.1308 0.416667 0.333333 -0.866026 0 -0.5
-28.9592 39.2246 -34.0014 0.333333 0.388889 -0.642788 0 -0.766044
-38.9198 49.0307 -22.1308 0.416667 0.333333 -0.866026 0 -0.5
-28.9592 49.0307 -34.0014 0.416667 0.388889 -0.642788 0 -0.766044
-28.9592 39.2246 -34.0014 0.333333 0.388889 -0.642788 0 -0.766044
-38.9198 49.0307 -22.1308 0.416667 0.333333 0 1 0
-23.2777 49.0307 -13.0998 0.5 0.333333 0 1 0
-28.9592 49.0307 -34.0014 0.416667 0.388889 0 1 0
-23.2777 49.0307 -13.0998 0.5 0.333333 0 1 0
-17.3492 49.0307 -20.1651 0.5 0.388889 0 1 0
-28.9592 49.0307 -34.0014 0.416667 0.388889 0 1 0
-23.2777 49.0307 -13.0998 0.5 0.333333 0.866026 0 0.5
-23.2777 39.2246 -13.0998 0.583333 0.333333 0.866026 0 0.5
-17.3492 49.0307 -20.1651 0.5 0.388889 0.642788 0 0.766044
-23.2777 39.2246 -13.0998 0.583333 0.333333 0.866026 0 0.5
-17.3492 39.2246 -20.1651 0.583333 0.388889 0.642788 0 0.766044
-17.3492 49.0307 -20.1651 0.5 0.388889 0.642788 0 0.766044
-23.2777 39.2246 -13.0998 0.583333 0.333333 0.866026 0 0.5
-23.2777 29.4184 -13.0998 0.666667 0.333333 0.866026 0 0.5
-17.3492 39.2246 -20.1651 0.583333 0.388889 0.642788 0 0.766044
-23.2777 29.4184 -13.0998 0.666667 0.333333 0.866026 0 0.5
-17.3492 29.4184 -20.1651 0.666667 0.388889 0.642788 0 0.766044
-17.3492 39.2246 -20.1651 0.583333 0.388889 0.642788 0 0.766044
-23.2777 29.4184 -13.0998 0.666667 0.333333 0.866026 0 0.5
-23.2777 19.6123 -13.0998 0.75 0.333333 0.866026 0 0.5
-17.3492 29.4184 -20.1651 0.666667 0.388889 0.642788 0 0.766044
-23.2777 19.6123 -13.0998 0.75 0.333333 0.866026 0 0.5
-17.3492 19.6123 -20.1651 0.75 0.388889 0.642788 0 0.766044
-17.3492 29.4184 -20.1651 0.666667 0.388889 0.642788 0 0.766044
-23.2777 19.6123 -13.0998 0.75 0.333333 0.866026 0 0.5
-23.2777 9.80614 -13.0998 0.833333 0.333333 0.866026 0 0.5
-17.3492 19.6123 -20.1651 0.75 0.388889 0.642788 0 0.766044
-23.2777 9.80614 -13.0998 0.833333 0.333333 0.866026 0 0.5
-17.3492 9.80614 -20.1651 0.833333 0.388889 0.642788 0 0.766044
-17.3492 19.6123 -20.1651 0.75 0.388889 0.642788 0 0.766044
-23.2777 9.80614 -13.0998 0.833333 0.333333 0.866026 0 0.5
-23.2777 0 -13.0998 0.916667 0.333333 0.866026 0 0.5
-17.3492 9.80614 -20.1651 0.833333 0.388889 0.642788 0 0.766044
-23.2777 0 -13.0998 0.916667 0.333333 0.866026 0 0.5
-17.3492 0 -20.1651 0.916667 0.388889 0.642788 0 0.766044
-17.3492 9.80614 -20.1651 0.833333 0.388889 0.642788 0 0.766044
-23.2777 0 -13.0998 0.916667 0.333333 0 -1 0
-38.9198 0 -22.1308 1 0.333333 0 -1 0
-17.3492 0 -20.1651 0.916667 0.388889 0 -1 0
-38.9198 0 -22.1308 1 0.333333 0 -1 0
-28.9592 0 -34.0014 1 0.388889 0 -1 0
-17.3492 0 -20.1651 0.916667 0.388889 0 -1 0
-44.2197 0 -7.56938 0 0.277778 -0.984808 0 -0.173648
-44.2197 9.80615 -7.56938 0.083333 0.277778 -0.984808 0 -0.173648
-38.9198 0 -22.1308 0 0.333333 -0.866026 0 -0.5
-44.2197 9.80615 -7.56938 0.083333 0.277778 -0.984808 0 -0.173648
-38.9198 9.80615 -22.1308 0.083333 0.333333 -0.866025 0 -0.5
-38.9198 0 -22.1308 0 0.333333 -0.866026 0 -0.5
-44.2197 9.80615 -7.56938 0.083333 0.277778 -0.984808 0 -0.173648
-44.2197 19.6123 -7.56938 0.166667 0.277778 -0.984808 0 -0.173648
-38.9198 9.80615 -22.1308 0.083333 0.333333 -0.866025 0 -0.5
-44.2197 19.6123 -7.56938 0.166667 0.277778 -0.984808 0 -0.173648
-38.9198 19.6123 -22.1308 0.166667 0.333333 -0.866026 0 -0.5
-38.9198 9.80615 -22.1308 0.083333 0.333333 -0.866025 0 -0.5
-44.2197 19.6123 -7.56938 0.166667 0.277778 -0.984808 0 -0.173648
-44.2197 29.4184 -7.56938 0.25 0.277778 -0.984808 0 -0.173648
-38.9198 19.6123 -22.1308 0.166667 0.333333 -0.866026 0 -0.5
-44.2197 29.4184 -7.56938 0.25 0.277778 -0.984808 0 -0.173648
-38.9198 29.4184 -22.1308 0.25 0.333333 -0.866026 0 -0.5
-38.9198 19.6123 -22.1308 0.166667 0.333333 -0.866026 0 -0.5
-44.2197 29.4184 -7.56938 0.25 0.277778 -0.984808 0 -0.173648
-44.2197 39.2246 -7.56938 0.333333 0.277778 -0.984808 0 -0.173648
-38.9198 29.4184 -22.1308 0.25 0.333333 -0.866026 0 -0.5
-44.2197 39.2246 -7.56938 0.333333 0.277778 -0.984808 0 -0.173648
-38.9198 39.2246 -22.1308 0.333333 0.333333 -0.866026 0 -0.5
-38.9198 29.4184 -22.1308 0.25 0.333333 -0.866026 0 -0.5
-44.2197 39.2246 -7.56938 0.333333 0.277778 -0.984808 0 -0.173648
-44.2197 49.0307 -7.56938 0.416667 0.277778 -0.984808 0 -0.173648
-38.9198 39.2246 -22.1308 0.333333 0.333333 -0.866026 0 -0.5
-44.2197 49.0307 -7.56938 0.416667 0.277778 -0.984808 0 -0.173648
-38.9198 49.0307 -22.1308 0.416667 0.333333 -0.866026 0 -0.5
-38.9198 39.2246 -22.1308 0.333333 0.333333 -0.866026 0 -0.5
-44.2197 49.0307 -7.56938 0.416667 0.277778 0 1 0
-26.4321 49.0307 -4.43296 0.5 0.277778 0 1 0
-38.9198 49.0307 -22.1308 0.416667 0.333333 0 1 0
-26.4321 49.0307 -4.43296 0.5 0.277778 0 1 0
-23.2777 49.0307 -13.0998 0.5 0.333333 0 1 0
-38.9198 49.0307 -22.1308 0.416667 0.333333 0 1 0
-26.4321 49.0307 -4.43296 0.5 0.277778 0.984808 0 0.173648
-26.4321 39.2246 -4.43296 0.583333 0.277778 0.984808 0 0.173648
-23.2777 49.0307 -13.0998 0.5 0.333333 0.866026 0 0.5
-26.4321 39.2246 -4.43296 0.583333 0.277778 0.984808 0 0.173648
-23.2777 39.2246 -13.0998 0.583333 0.333333 0.866026 0 0.5
-23.2777 49.0307 -13.0998 0.5 0.333333 0.866026 0 0.5
-26.4321 39.2246 -4.43296 0.583333 0.277778 0.984808 0 0.173648
-26.4321 29.4184 -4.43296 0.666667 0.277778 0.984808 0 0.173648
-23.2777 39.2246 -13.0998 0.583333 0.333333 0.866026 0 0.5
-26.4321 29.4184 -4.43296 0.666667 0.277778 0.984808 0 0.173648
-23.2777 29.4184 -13.0998 0.666667 0.333333 0.866026 0 0.5
-23.2777 39.2246 -13.0998 0.583333 0.333333 0.866026 0 0.5
-26.4321 29.4184 -4.43296 0.666667 0.277778 0.984808 0 0.173648
-26.4321 19.6123 -4.43296 0.75 0.277778 0.984808 0 0.173648
-23.2777 29.4184 -13.0998 0.666667 0.333333 0.866026 0 0.5
-26.4321 19.6123 -4.43296 0.75 0.277778 0.984808 0 0.173648
-23.2777 19.6123 -13.0998 0.75 0.333333 0.866026 0 0.5
-23.2777 29.4184 -13.0998 0.666667 0.333333 0.866026 0 0.5
-26.4321 19.6123 -4.43296 0.75 0.277778 0.984808 0 0.173648
-26.4321 9.80614 -4.43296 0.833333 0.277778 0.984808 0 0.173648
-23.2777 19.6123 -13.0998 0.75 0.333333 0.866026 0 0.5
-26.4321 9.80614 -4.43296 0.833333 0.277778 0.984808 0 0.173648
-23.2777 9.80614 -13.0998 0.833333 0.333333 0.866026 0 0.5
-23.2777 19.6123 -13.0998 0.75 0.333333 0.866026 0 0.5
-26.4321 9.80614 -4.43296 0.833333 0.277778 0.984808 0 0.173648
-26.4321 0 -4.43296 0.916667 0.277778 0.984808 0 0.173648
-23.2777 9.80614 -13.0998 0.833333 0.333333 0.866026 0 0.5
-26.4321 0 -4.43296 0.916667 0.277778 0.984808 0 0.173648
-23.2777 0 -13.0998 0.916667 0.333333 0.866026 0 0.5
-23.2777 9.80614 -13.0998 0.833333 0.333333 0.866026 0 0.5
-26.4321 0 -4.43296 0.916667 0.277778 0 -1 0
-44.2197 0 -7.56938 1 0.277778 0 -1 0
-23.2777 0 -13.0998 0.916667 0.333333 0 -1 0
-44.2197 0 -7.56938 1 0.277778 0 -1 0
-38.9198 0 -22.1308 1 0.333333 0 -1 0
-23.2777 0 -13.0998 0.916667 0.333333 0 -1 0
-44.2197 0 7.92655 0 0.222222 -0.984808 0 0.173648
-44.2197 9.80615 7.92655 0.083333 0.222222 -0.984808 0 0.173648
-44.2197 0 -7.56938 0 0.277778 -0.984808 0 -0.173648
-44.2197 9.80615 7.92655 0.083333 0.222222 -0.984808 0 0.173648
-44.2197 9.80615 -7.56938 0.083333 0.277778 -0.984808 0 -0.173648
-44.2197 0 -7.56938 0 0.277778 -0.984808 0 -0.173648
-44.2197 9.80615 7.92655 0.083333 0.222222 -0.984808 0 0.173648
-44.2197 19.6123 7.92655 0.166667 0.222222 -0.984808 0 0.173648
-44.2197 9.80615 -7.56938 0.083333 0.277778 -0.984808 0 -0.173648
-44.2197 19.6123 7.92655 0.166667 0.222222 -0.984808 0 0.173648
-44.2197 19.6123 -7.56938 0.166667 0.277778 -0.984808 0 -0.173648
-44.2197 9.80615 -7.56938 0.083333 0.277778 -0.984808 0 -0.173648
-44.2197 19.6123 7.92655 0.166667 0.222222 -0.984808 0 0.173648
-44.2197 29.4184 7.92655 0.25 0.222222 -0.984808 0 0.173648
-44.2197 19.6123 -7.56938 0.166667 0.277778 -0.984808 0 -0.173648
-44.2197 29.4184 7.92655 0.25 0.222222 -0.984808 0 0.173648
-44.2197 29.4184 -7.56938 0.25 0.277778 -0.984808 0 -0.173648
-44.2197 19.6123 -7.56938 0.166667 0.277778 -0.984808 0 -0.173648
-44.2197 29.4184 7.92655 0.25 0.222222 -0.984808 0 0.173648
-44.2197 39.2246 7.92655 0.333333 0.222222 -0.984808 0 0.173648
-44.2197 29.4184 -7.56938 0.25 0.277778 -0.984808 0 -0.173648
-44.2197 39.2246 7.92655 0.333333 0.222222 -0.984808 0 0.173648
-44.2197 39.2246 -7.56938 0.333333 0.277778 -0.984808 0 -0.173648
-44.2197 29.4184 -7.56938 0.25 0.277778 -0.984808 0 -0.173648
-44.2197 39.2246 7.92655 0.333333 0.222222 -0.984808 0 0.173648
-44.2197 49.0307 7.92655 0.416667 0.222222 -0.984808 0 0.173648
-44.2197 39.2246 -7.56938 0.333333 0.277778 -0.984808 0 -0.173648
-44.2197 49.0307 7.92655 0.416667 0.222222 -0.984808 0 0.173648
-44.2197 49.0307 -7.56938 0.416667 0.277778 -0.984808 0 -0.173648
-44.2197 39.2246 -7.56938 0.333333 0.277778 -0.984808 0 -0.173648
-44.2197 49.0307 7.92655 0.416667 0.222222 0 1 0
-26.4321 49.0307 4.79012 0.5 0.222222 0 1 0
-44.2197 49.0307 -7.56938 0.416667 0.277778 0 1 0
-26.4321 49.0307 4.79012 0.5 0.222222 0 1 0
-26.4321 49.0307 -4.43296 0.5 0.277778 0 1 0
-44.2197 49.0307 -7.56938 0.416667 0.277778 0 1 0
-26.4321 49.0307 4.79012 0.5 0.222222 0.984808 0 -0.173648
-26.4321 39.2246 4.79012 0.583333 0.222222 0.984808 0 -0.173648
-26.4321 49.0307 -4.43296 0.5 0.277778 0.984808 0 0.173648
-26.4321 39.2246 4.79012 0.583333 0.222222 0.984808 0 -0.173648
-26.4321 39.2246 -4.43296 0.583333 0.277778 0.984808 0 0.173648
-26.4321 49.0307 -4.43296 0.5 0.277778 0.984808 0 0.173648
-26.4321 39.2246 4.79012 0.583333 0.222222 0.984808 0 -0.173648
-26.4321 29.4184 4.79012 0.666667 0.222222 0.984808 0 -0.173648
-26.4321 39.2246 -4.43296 0.583333 0.277778 0.984808 0 0.173648
-26.4321 29.4184 4.79012 0.666667 0.222222 0.984808 0 -0.173648
-26.4321 29.4184 -4.43296 0.666667 0.277778 0.984808 0 0.173648
-26.4321 39.2246 -4.43296 0.583333 0.277778 0.984808 0 0.173648
-26.4321 29.4184 4.79012 0.666667 0.222222 0.984808 0 -0.173648
-26.4321 19.6123 4.79012 0.75 0.222222 0.984808 0 -0.173648
-26.4321 29.4184 -4.43296 0.666667 0.277778 0.984808 0 0.173648
-26.4321 19.6123 4.79012 0.75 0.222222 0.984808 0 -0.173648
-26.4321 19.6123 -4.43296 0.75 0.277778 0.984808 0 0.173648
-26.4321 29.4184 -4.43296 0.666667 0.277778 0.984808 0 0.173648
-26.4321 19.6123 4.79012 0.75 0.222222 0.984808 0 -0.173648
-26.4321 9.80614 4.79012 0.833333 0.222222 0.984808 0 -0.173648
-26.4321 19.6123 -4.43296 0.75 0.277778 0.984808 0 0.173648
-26.4321 9.80614 4.79012 0.833333 0.222222 0.984808 0 -0.173648
-26.4321 9.80614 -4.43296 0.833333 0.277778 0.984808 0 0.173648
-26.4321 19.6123 -4.43296 0.75 0.277778 0.984808 0 0.173648
-26.4321 9.80614 4.79012 0.833333 0.222222 0.984808 0 -0.173648
-26.4321 0 4.79012 0.916667 0.222222 0.984808 0 -0.173648
-26.4321 9.80614 -4.43296 0.833333 0.277778 0.984808 0 0.173648
-26.4321 0 4.79012 0.916667 0.222222 0.984808 0 -0.173648
-26.4321 0 -4.43296 0.916667 0.277778 0.984808 0 0.173648
-26.4321 9.80614 -4.43296 0.833333 0.277778 0.984808 0 0.173648
-26.4321 0 4.79012 0.916667 0.222222 0 -1 0
-44.2197 0 7.92655 1 0.222222 0 -1 0
-26.4321 0 -4.43296 0.916667 0.277778 0 -1 0
-44.2197 0 7.92655 1 0.222222 0 -1 0
-44.2197 0 -7.56938 1 0.277778 0 -1 0
-26.4321 0 -4.43296 0.916667 0.277778 0 -1 0
-38.9198 0 22.488 0 0.166667 -0.866025 0 0.5
-38.9198 9.80615 22.488 0.083333 0.166667 -0.866025 0 0.5
-44.2197 0 7.92655 0 0.222222 -0.984808 0 0.173648
-38.9198 9.80615 22.488 0.083333 0.166667 -0.866025 0 0.5
-44.2197 9.80615 7.92655 0.083333 0.222222 -0.984808 0 0.173648
-44.2197 0 7.92655 0 0.222222 -0.984808 0 0.173648
-38.9198 9.80615 22.488 0.083333 0.166667 -0.866025 0 0.5
-38.9198 19.6123 22.488 0.166667 0.166667 -0.866025 0 0.5
-44.2197 9.80615 7.92655 0.083333 0.222222 -0.984808 0 0.173648
-38.9198 19.6123 22.488 0.166667 0.166667 -0.866025 0 0.5
-44.2197 19.6123 7.92655 0.166667 0.222222 -0.984808 0 0.173648
-44.2197 9.80615 7.92655 0.083333 0.222222 -0.984808 0 0.173648
-38.9198 19.6123 22.488 0.166667 0.166667 -0.866025 0 0.5
-38.9198 29.4184 22.488 0.25 0.166667 -0.866025 0 0.5
-44.2197 19.6123 7.92655 0.166667 0.222222 -0.984808 0 0.173648
-38.9198 29.4184 22.488 0.25 0.166667 -0.866025 0 0.5
-44.2197 29.4184 7.92655 0.25 0.222222 -0.984808 0 0.173648
-44.2197 19.6123 7.92655 0.166667 0.222222 -0.984808 0 0.173648
-38.9198 29.4184 22.488 0.25 0.166667 -0.866025 0 0.5
-38.9198 39.2246 22.488 0.333333 0.166667 -0.866025 0 0.5
-44.2197 29.4184 7.92655 0.25 0.222222 -0.984808 0 0.173648
-38.9198 39.2246 22.488 0.333333 0.166667 -0.866025 0 0.5
-44.2197 39.2246 7.92655 0.333333 0.222222 -0.984808 0 0.173648
-44.2197 29.4184 7.92655 0.25 0.222222 -0.984808 0 0.173648
-38.9198 39.2246 22.488 0.333333 0.166667 -0.866025 0 0.5
-38.9198 49.0307 22.488 0.416667 0.166667 -0.866025 0 0.5
-44.2197 39.2246 7.92655 0.333333 0.222222 -0.984808 0 0.173648
-38.9198 49.0307 22.488 0.416667 0.166667 -0.866025 0 0.5
-44.2197 49.0307 7.92655 0.416667 0.222222 -0.984808 0 0.173648
-44.2197 39.2246 7.92655 0.333333 0.222222 -0.984808 0 0.173648
-38.9198 49.0307 22.488 0.416667 0.166667 0 1 0
-23.2777 49.0307 13.457 0.5 0.166667 0 1 0
-44.2197 49.0307 7.92655 0.416667 0.222222 0 1 0
-23.2777 49.0307 13.457 0.5 0.166667 0 1 0
-26.4321 49.0307 4.79012 0.5 0.222222 0 1 0
-44.2197 49.0307 7.92655 0.416667 0.222222 0 1 0
-23.2777 49.0307 13.457 0.5 0.166667 0.866025 0 -0.5
-23.2777 39.2246 13.457 0.583333 0.166667 0.866025 0 -0.5
-26.4321 49.0307 4.79012 0.5 0.222222 0.984808 0 -0.173648
-23.2777 39.2246 13.457 0.583333 0.166667 0.866025 0 -0.5
-26.4321 39.2246 4.79012 0.583333 0.222222 0.984808 0 -0.173648
-26.4321 49.0307 4.79012 0.5 0.222222 0.984808 0 -0.173648
-23.2777 39.2246 13.457 0.583333 0.166667 0.866025 0 -0.5
-23.2777 29.4184 13.457 0.666667 0.166667 0.866025 0 -0.5
-26.4321 39.2246 4.79012 0.583333 0.222222 0.984808 0 -0.173648
-23.2777 29.4184 13.457 0.666667 0.166667 0.866025 0 -0.5
-26.4321 29.4184 4.79012 0.666667 0.222222 0.984808 0 -0.173648
-26.4321 39.2246 4.79012 0.583333 0.222222 0.984808 0 -0.173648
-23.2777 29.4184 13.457 0.666667 0.166667 0.866025 0 -0.5
-23.2777 19.6123 13.457 0.75 0.166667 0.866025 0 -0.5
-26.4321 29.4184 4.79012 0.666667 0.222222 0.984808 0 -0.173648
-23.2777 19.6123 13.457 0.75 0.166667 0.866025 0 -0.5
-26.4321 19.6123 4.79012 0.75 0.222222 0.984808 0 -0.173648
-26.4321 29.4184 4.79012 0.666667 0.222222 0.984808 0 -0.173648
-23.2777 19.6123 13.457 0.75 0.166667 0.866025 0 -0.5
-23.2777 9.80614 13.457 0.833333 0.166667 0.866025 0 -0.5
-26.4321 19.6123 4.79012 0.75 0.222222 0.984808 0 -0.173648
-23.2777 9.80614 13.457 0.833333 0.166667 0.866025 0 -0.5
-26.4321 9.80614 4.79012 0.833333 0.222222 0.984808 0 -0.173648
-26.4321 19.6123 4.79012 0.75 0.222222 0.984808 0 -0.173648
-23.2777 9.80614 13.457 0.833333 0.166667 0.866025 0 -0.5
-23.2777 0 13.457 0.916667 0.166667 0.866025 0 -0.5
-26.4321 9.80614 4.79012 0.833333 0.222222 0.984808 0 -0.173648
-23.2777 0 13.457 0.916667 0.166667 0.866025 0 -0.5
-26.4321 0 4.79012 0.916667 0.222222 0.984808 0 -0.173648
-26.4321 9.80614 4.79012 0.833333 0.222222 0.984808 0 -0.173648
-23.2777 0 13.457 0.916667 0.166667 0 -1 0
-38.9198 0 22.488 1 0.166667 0 -1 0
-26.4321 0 4.79012 0.916667 0.222222 0 -1 0
-38.9198 0 22.488 1 0.166667 0 -1 0
-44.2197 0 7.92655 1 0.222222 0 -1 0
-26.4321 0 4.79012 0.916667 0.222222 0 -1 0
-28.9592 0 34.3585 0 0.111111 -0.642788 0 0.766044
-28.9592 9.80615 34.3585 0.083333 0.111111 -0.642788 0 0.766044
-38.9198 0 22.488 0 0.166667 -0.866025 0 0.5
-28.9592 9.80615 34.3585 0.083333 0.111111 -0.642788 0 0.766044
-38.9198 9.80615 22.488 0.083333 0.166667 -0.866025 0 0.5
-38.9198 0 22.488 0 0.166667 -0.866025 0 0.5
-28.9592 9.80615 34.3585 0.083333 0.111111 -0.642788 0 0.766044
-28.9592 19.6123 34.3585 0.166667 0.111111 -0.642788 0 0.766044
-38.9198 9.80615 22.488 0.083333 0.166667 -0.866025 0 0.5
-28.9592 19.6123 34.3585 0.166667 0.111111 -0.642788 0 0.766044
-38.9198 19.6123 22.488 0.166667 0.166667 -0.866025 0 0.5
-38.9198 9.80615 22.488 0.083333 0.166667 -0.866025 0 0.5
-28.9592 19.6123 34.3585 0.166667 0.111111 -0.642788 0 0.766044
-28.9592 29.4184 34.3585 0.25 0.111111 -0.642788 0 0.766044
-38.9198 19.6123 22.488 0.166667 0.166667 -0.866025 0 0.5
-28.9592 29.4184 34.3585 0.25 0.111111 -0.642788 0 0.766044
-38.9198 29.4184 22.488 0.25 0.166667 -0.866025 0 0.5
-38.9198 19.6123 22.488 0.166667 0.166667 -0.866025 0 0.5
-28.9592 29.4184 34.3585 0.25 0.111111 -0.642788 0 0.766044
-28.9592 39.2246 34.3585 0.333333 0.111111 -0.642788 0 0.766044
-38.9198 29.4184 22.488 0.25 0.166667 -0.866025 0 0.5
-28.9592 39.2246 34.3585 0.333333 0.111111 -0.642788 0 0.766044
-38.9198 39.2246 22.488 0.333333 0.166667 -0.866025 0 0.5
-38.9198 29.4184 22.488 0.25 0.166667 -0.866025 0 0.5
-28.9592 39.2246 34.3585 0.333333 0.111111 -0.642788 0 0.766044
-28.9592 49.0307 34.3585 0.416667 0.111111 -0.642788 0 0.766044
-38.9198 39.2246 22.488 0.333333 0.166667 -0.866025 0 0.5
-28.9592 49.0307 34.3585 0.416667 0.111111 -0.642788 0 0.766044
-38.9198 49.0307 22.488 0.416667 0.166667 -0.866025 0 0.5
-38.9198 39.2246 22.488 0.333333 0.166667 -0.866025 0 0.5
-28.9592 49.0307 34.3585 0.416667 0.111111 0 1 0
-17.3492 49.0307 20.5223 0.5 0.111111 0 1 0
-38.9198 49.0307 22.488 0.416667 0.166667 0 1 0
-17.3492 49.0307 20.5223 0.5 0.111111 0 1 0
-23.2777 49.0307 13.457 0.5 0.166667 0 1 0
-38.9198 49.0307 22.488 0.416667 0.166667 0 1 0
-17.3492 49.0307 20.5223 0.5 0.111111 0.642788 0 -0.766044
-17.3492 39.2246 20.5223 0.583333 0.111111 0.642788 0 -0.766044
-23.2777 49.0307 13.457 0.5 0.166667 0.866025 0 -0.5
-17.3492 39.2246 20.5223 0.583333 0.111111 0.642788 0 -0.766044
-23.2777 39.2246 13.457 0.583333 0.166667 0.866025 0 -0.5
-23.2777 49.0307 13.457 0.5 0.166667 0.866025 0 -0.5
-17.3492 39.2246 20.5223 0.583333 0.111111 0.642788 0 -0.766044
-17.3492 29.4184 20.5223 0.666667 0.111111 0.642788 0 -0.766044
-23.2777 39.2246 13.457 0.583333 0.166667 0.866025 0 -0.5
-17.3492 29.4184 20.5223 0.666667 0.111111 0.642788 0 -0.766044
-23.2777 29.4184 13.457 0.666667 0.166667 0.866025 0 -0.5
-23.2777 39.2246 13.457 0.583333 0.166667 0.866025 0 -0.5
-17.3492 29.4184 20.5223 0.666667 0.111111 0.642788 0 -0.766044
-17.3492 19.6123 20.5223 0.75 0.111111 0.642788 0 -0.766044
-23.2777 29.4184 13.457 0.666667 0.166667 0.866025 0 -0.5
-17.3492 19.6123 20.5223 0.75 0.111111 0.642788 0 -0.766044
-23.2777 19.6123 13.457 0.75 0.166667 0.866025 0 -0.5
-23.2777 29.4184 13.457 0.666667 0.166667 0.866025 0 -0.5
-17.3492 19.6123 20.5223 0.75 0.111111 0.642788 0 -0.766044
-17.3492 9.80614 20.5223 0.833333 0.111111 0.642788 0 -0.766044
-23.2777 19.6123 13.457 0.75 0.166667 0.866025 0 -0.5
-17.3492 9.80614 20.5223 0.833333 0.111111 0.642788 0 -0.766044
-23.2777 9.80614 13.457 0.833333 0.166667 0.866025 0 -0.5
-23.2777 19.6123 13.457 0.75 0.166667 0.866025 0 -0.5
-17.3492 9.80614 20.5223 0.833333 0.111111 0.642788 0 -0.766044
-17.3492 0 20.5223 0.916667 0.111111 0.642788 0 -0.766044
-23.2777 9.80614 13.457 0.833333 0.166667 0.866025 0 -0.5
-17.3492 0 20.5223 0.916667 0.111111 0.642788 0 -0.766044
-23.2777 0 13.457 0.916667 0.166667 0.866025 0 -0.5
-23.2777 9.80614 13.457 0.833333 0.166667 0.866025 0 -0.5
-17.3492 0 20.5223 0.916667 0.111111 0 -1 0
-28.9592 0 34.3585 1 0.111111 0 -1 0
-23.2777 0 13.457 0.916667 0.166667 0 -1 0
-28.9592 0 34.3585 1 0.111111 0 -1 0
-38.9198 0 22.488 1 0.166667 0 -1 0
-23.2777 0 13.457 0.916667 0.166667 0 -1 0
-15.5393 0 42.1065 0 0.055556 -0.34202 0 0.939693
-15.5393 9.80615 42.1065 0.083333 0.055556 -0.34202 0 0.939693
-28.9592 0 34.3585 0 0.111111 -0.642788 0 0.766044
-15.5393 9.80615 42.1065 0.083333 0.055556 -0.34202 0 0.939693
-28.9592 9.80615 34.3585 0.083333 0.111111 -0.642788 0 0.766044
-28.9592 0 34.3585 0 0.111111 -0.642788 0 0.766044
-15.5393 9.80615 42.1065 0.083333 0.055556 -0.34202 0 0.939693
-15.5393 19.6123 42.1065 0.166667 0.055556 -0.34202 0 0.939693
-28.9592 9.80615 34.3585 0.083333 0.111111 -0.642788 0 0.766044
-15.5393 19.6123 42.1065 0.166667 0.055556 -0.34202 0 0.939693
-28.9592 19.6123 34.3585 0.166667 0.111111 -0.642788 0 0.766044
-28.9592 9.80615 34.3585 0.083333 0.111111 -0.642788 0 0.766044
-15.5393 19.6123 42.1065 0.166667 0.055556 -0.34202 0 0.939693
-15.5393 29.4184 42.1065 0.25 0.055556 -0.34202 0 0.939693
-28.9592 19.6123 34.3585 0.166667 0.111111 -0.642788 0 0.766044
-15.5393 29.4184 42.1065 0.25 0.055556 -0.34202 0 0.939693
-28.9592 29.4184 34.3585 0.25 0.111111 -0.642788 0 0.766044
-28.9592 19.6123 34.3585 0.166667 0.111111 -0.642788 0 0.766044
-15.5393 29.4184 42.1065 0.25 0.055556 -0.34202 0 0.939693
-15.5393 39.2246 42.1065 0.333333 0.055556 -0.34202 0 0.939693
-28.9592 29.4184 34.3585 0.25 0.111111 -0.642788 0 0.766044
-15.5393 39.2246 42.1065 0.333333 0.055556 -0.34202 0 0.939693
-28.9592 39.2246 34.3585 0.333333 0.111111 -0.642788 0 0.766044
-28.9592 29.4184 34.3585 0.25 0.111111 -0.642788 0 0.766044
-15.5393 39.2246 42.1065 0.333333 0.055556 -0.34202 0 0.939693
-15.5393 49.0307 42.1065 0.416667 0.055556 -0.34202 0 0.939693
-28.9592 39.2246 34.3585 0.333333 0.111111 -0.642788 0 0.766044
-15.5393 49.0307 42.1065 0.416667 0.055556 -0.34202 0 0.939693
-28.9592 49.0307 34.3585 0.416667 0.111111 -0.642788 0 0.766044
-28.9592 39.2246 34.3585 0.333333 0.111111 -0.642788 0 0.766044
-15.5393 49.0307 42.1065 0.416667 0.055556 0 1 0
-9.36174 49.0307 25.1338 0.5 0.055556 0 1 0
-28.9592 49.0307 34.3585 0.416667 0.111111 0 1 0
-9.36174 49.0307 25.1338 0.5 0.055556 0 1 0
-17.3492 49.0307 20.5223 0.5 0.111111 0 1 0
-28.9592 49.0307 34.3585 0.416667 0.111111 0 1 0
-9.36174 49.0307 25.1338 0.5 0.055556 0.34202 0 -0.939693
-9.36174 39.2246 25.1338 0.583333 0.055556 0.34202 0 -0.939693
-17.3492 49.0307 20.5223 0.5 0.111111 0.642788 0 -0.766044
-9.36174 39.2246 25.1338 0.583333 0.055556 0.34202 0 -0.939693
-17.3492 39.2246 20.5223 0.583333 0.111111 0.642788 0 -0.766044
-17.3492 49.0307 20.5223 0.5 0.111111 0.642788 0 -0.766044
-9.36174 39.2246 25.1338 0.583333 0.055556 0.34202 0 -0.939693
-9.36174 29.4184 25.1338 0.666667 0.055556 0.34202 0 -0.939693
-17.3492 39.2246 20.5223 0.583333 0.111111 0.642788 0 -0.766044
-9.36174 29.4184 25.1338 0.666667 0.055556 0.34202 0 -0.939693
-17.3492 29.4184 20.5223 0.666667 0.111111 0.642788 0 -0.766044
-17.3492 39.2246 20.5223 0.583333 0.111111 0.642788 0 -0.766044
-9.36174 29.4184 25.1338 0.666667 0.055556 0.34202 0 -0.939693
-9.36174 19.6123 25.1338 0.75 0.055556 0.34202 0 -0.939693
-17.3492 29.4184 20.5223 0.666667 0.111111 0.642788 0 -0.766044
-9.36174 19.6123 25.1338 0.75 0.055556 0.34202 0 -0.939693
-17.3492 19.6123 20.5223 0.75 0.111111 0.642788 0 -0.766044
-17.3492 29.4184 20.5223 0.666667 0.111111 0.642788 0 -0.766044
-9.36174 19.6123 25.1338 0.75 0.055556 0.34202 0 -0.939693
-9.36174 9.80614 25.1338 0.833333 0.055556 0.34202 0 -0.939693
-17.3492 19.6123 20.5223 0.75 0.111111 0.642788 0 -0.766044
-9.36174 9.80614 25.1338 0.833333 0.055556 0.34202 0 -0.939693
-17.3492 9.80614 20.5223 0.833333 0.111111 0.642788 0 -0.766044
-17.3492 19.6123 20.5223 0.75 0.111111 0.642788 0 -0.766044
-9.36174 9.80614 25.1338 0.833333 0.055556 0.34202 0 -0.939693
-9.36174 0 25.1338 0.916667 0.055556 0.34202 0 -0.939693
-17.3492 9.80614 20.5223 0.833333 0.111111 0.642788 0 -0.766044
-9.36174 0 25.1338 0.916667 0.055556 0.34202 0 -0.939693
-17.3492 0 20.5223 0.916667 0.111111 0.642788 0 -0.766044
-17.3492 9.80614 20.5223 0.833333 0.111111 0.642788 0 -0.766044
-9.36174 0 25.1338 0.916667 0.055556 0 -1 0
-15.5393 0 42.1065 1 0.055556 0 -1 0
-17.3492 0 20.5223 0.916667 0.111111 0 -1 0
-15.5393 0 42.1065 1 0.055556 0 -1 0
-28.9592 0 34.3585 1 0.111111 0 -1 0
-17.3492 0 20.5223 0.916667 0.111111 0 -1 0
-0.27878 0 44.7974 0 0 0 0 1
-0.27878 9.80615 44.7974 0.083333 0 0 0 1
-15.5393 0 42.1065 0 0.055556 -0.34202 0 0.939693
-0.27878 9.80615 44.7974 0.083333 0 0 0 1
-15.5393 9.80615 42.1065 0.083333 0.055556 -0.34202 0 0.939693
-15.5393 0 42.1065 0 0.055556 -0.34202 0 0.939693
-0.27878 9.80615 44.7974 0.083333 0 0 0 1
-0.27878 19.6123 44.7974 0.166667 0 0 0 1
-15.5393 9.80615 42.1065 0.083333 0.055556 -0.34202 0 0.939693
-0.27878 19.6123 44.7974 0.166667 0 0 0 1
-15.5393 19.6123 42.1065 0.166667 0.055556 -0.34202 0 0.939693
-15.5393 9.80615 42.1065 0.083333 0.055556 -0.34202 0 0.939693
-0.27878 19.6123 44.7974 0.166667 0 0 0 1
-0.27878 29.4184 44.7974 0.25 0 0 0 1
-15.5393 19.6123 42.1065 0.166667 0.055556 -0.34202 0 0.939693
-0.27878 29.4184 44.7974 0.25 0 0 0 1
-15.5393 29.4184 42.1065 0.25 0.055556 -0.34202 0 0.939693
-15.5393 19.6123 42.1065 0.166667 0.055556 -0.34202 0 0.939693
-0.27878 29.4184 44.7974 0.25 0 0 0 1
-0.27878 39.2246 44.7974 0.333333 0 0 0 1
-15.5393 29.4184 42.1065 0.25 0.055556 -0.34202 0 0.939693
-0.27878 39.2246 44.7974 0.333333 0 0 0 1
-15.5393 39.2246 42.1065 0.333333 0.055556 -0.34202 0 0.939693
-15.5393 29.4184 42.1065 0.25 0.055556 -0.34202 0 0.939693
-0.27878 39.2246 44.7974 0.333333 0 0 0 1
-0.27878 49.0307 44.7974 0.416667 0 0 0 1
-15.5393 39.2246 42.1065 0.333333 0.055556 -0.34202 0 0.939693
-0.27878 49.0307 44.7974 0.416667 0 0 0 1
-15.5393 49.0307 42.1065 0.416667 0.055556 -0.34202 0 0.939693
-15.5393 39.2246 42.1065 0.333333 0.055556 -0.34202 0 0.939693
-0.27878 49.0307 44.7974 0.416667 0 0 1 0
-0.278779 49.0307 26.7354 0.5 0 0 1 0
-15.5393 49.0307 42.1065 0.416667 0.055556 0 1 0
-0.278779 49.0307 26.7354 0.5 0 0 1 0
-9.36174 49.0307 25.1338 0.5 0.055556 0 1 0
-15.5393 49.0307 42.1065 0.416667 0.055556 0 1 0
-0.278779 49.0307 26.7354 0.5 0 -0 0 -1
-0.278779 39.2246 26.7354 0.583333 0 -0 0 -1
-9.36174 49.0307 25.1338 0.5 0.055556 0.34202 0 -0.939693
-0.278779 39.2246 26.7354 0.583333 0 -0 0 -1
-9.36174 39.2246 25.1338 0.583333 0.055556 0.34202 0 -0.939693
-9.36174 49.0307 25.1338 0.5 0.055556 0.34202 0 -0.939693
-0.278779 39.2246 26.7354 0.583333 0 -0 0 -1
-0.278779 29.4184 26.7354 0.666667 0 -0 0 -1
-9.36174 39.2246 25.1338 0.583333 0.055556 0.34202 0 -0.939693
-0.278779 29.4184 26.7354 0.666667 0 -0 0 -1
-9.36174 29.4184 25.1338 0.666667 0.055556 0.34202 0 -0.939693
-9.36174 39.2246 25.1338 0.583333 0.055556 0.34202 0 -0.939693
-0.278779 29.4184 26.7354 0.666667 0 -0 0 -1
-0.278779 19.6123 26.7354 0.75 0 -0 0 -1
-9.36174 29.4184 25.1338 0.666667 0.055556 0.34202 0 -0.939693
-0.278779 19.6123 26.7354 0.75 0 -0 0 -1
-9.36174 19.6123 25.1338 0.75 0.055556 0.34202 0 -0.939693
-9.36174 29.4184 25.1338 0.666667 0.055556 0.34202 0 -0.939693
-0.278779 19.6123 26.7354 0.75 0 -0 0 -1
-0.278779 9.80614 26.7354 0.833333 0 -0 0 -1
-9.36174 19.6123 25.1338 0.75 0.055556 0.34202 0 -0.939693
-0.278779 9.80614 26.7354 0.833333 0 -0 0 -1
-9.36174 9.80614 25.1338 0.833333 0.055556 0.34202 0 -0.939693
-9.36174 19.6123 25.1338 0.75 0.055556 0.34202 0 -0.939693
-0.278779 9.80614 26.7354 0.833333 0 -0 0 -1
-0.278779 0 26.7354 0.916667 0 -0 0 -1
-9.36174 9.80614 25.1338 0.833333 0.055556 0.34202 0 -0.939693
-0.278779 0 26.7354 0.916667 0 -0 0 -1
-9.36174 0 25.1338 0.916667 0.055556 0.34202 0 -0.939693
-9.36174 9.80614 25.1338 0.833333 0.055556 0.34202 0 -0.939693
-0.278779 0 26.7354 0.916667 0 0 -1 0
-0.27878 0 44.7974 1 0 0 -1 0
-9.36174 0 25.1338 0.916667 0.055556 0 -1 0
-0.27878 0 44.7974 1 0 0 -1 0
-15.5393 0 42.1065 1 0.055556 0 -1 0
-9.36174 0 25.1338 0.916667 0.055556 0 -1 0
